 H  pb nrl nc  
 atom 5.69p25-NOV-18   Improved Troullier - Martins potential
 1s(  1.00)  rc= 0.49                                                  
   1  0  863  0.247875217667E-02  0.125000000000E-01   1.00000000000     nl nls nr a b zion 
 Radial grid follows
  0.311788641354E-04  0.627499101025E-04  0.947180709413E-04  0.127088341742E-03
  0.159865780426E-03  0.193055508533E-03  0.226662712027E-03  0.260692642102E-03
  0.295150616003E-03  0.330042017859E-03  0.365372299523E-03  0.401146981422E-03
  0.437371653424E-03  0.474051975707E-03  0.511193679647E-03  0.548802568709E-03
  0.586884519361E-03  0.625445481983E-03  0.664491481805E-03  0.704028619843E-03
  0.744063073857E-03  0.784601099310E-03  0.825649030352E-03  0.867213280805E-03
  0.909300345168E-03  0.951916799631E-03  0.995069303102E-03  0.103876459825E-02
  0.108300951254E-02  0.112781095935E-02  0.117317593898E-02  0.121911153982E-02
  0.126562493938E-02  0.131272340548E-02  0.136041429736E-02  0.140870506681E-02
  0.145760325936E-02  0.150711651546E-02  0.155725257165E-02  0.160801926180E-02
  0.165942451829E-02  0.171147637332E-02  0.176418296008E-02  0.181755251409E-02
  0.187159337444E-02  0.192631398514E-02  0.198172289639E-02  0.203782876595E-02
  0.209464036046E-02  0.215216655687E-02  0.221041634375E-02  0.226939882275E-02
  0.232912321000E-02  0.238959883756E-02  0.245083515488E-02  0.251284173024E-02
  0.257562825231E-02  0.263920453161E-02  0.270358050205E-02  0.276876622252E-02
  0.283477187841E-02  0.290160778324E-02  0.296928438027E-02  0.303781224409E-02
  0.310720208233E-02  0.317746473729E-02  0.324861118764E-02  0.332065255018E-02
  0.339360008150E-02  0.346746517981E-02  0.354225938667E-02  0.361799438885E-02
  0.369468202008E-02  0.377233426296E-02  0.385096325082E-02  0.393058126959E-02
  0.401120075975E-02  0.409283431826E-02  0.417549470053E-02  0.425919482242E-02
  0.434394776223E-02  0.442976676279E-02  0.451666523349E-02  0.460465675239E-02
  0.469375506834E-02  0.478397410315E-02  0.487532795371E-02  0.496783089426E-02
  0.506149737856E-02  0.515634204219E-02  0.525237970483E-02  0.534962537256E-02
  0.544809424020E-02  0.554780169373E-02  0.564876331263E-02  0.575099487235E-02
  0.585451234680E-02  0.595933191079E-02  0.606546994257E-02  0.617294302645E-02
  0.628176795531E-02  0.639196173326E-02  0.650354157831E-02  0.661652492503E-02
  0.673092942730E-02  0.684677296106E-02  0.696407362710E-02  0.708284975388E-02
  0.720311990041E-02  0.732490285916E-02  0.744821765894E-02  0.757308356797E-02
  0.769952009678E-02  0.782754700133E-02  0.795718428611E-02  0.808845220719E-02
  0.822137127545E-02  0.835596225977E-02  0.849224619027E-02  0.863024436158E-02
  0.876997833620E-02  0.891146994785E-02  0.905474130488E-02  0.919981479373E-02
  0.934671308243E-02  0.949545912414E-02  0.964607616072E-02  0.979858772640E-02
  0.995301765142E-02  0.101093900658E-01  0.102677294030E-01  0.104280604038E-01
  0.105904081204E-01  0.107547979199E-01  0.109212554885E-01  0.110898068355E-01
  0.112604782975E-01  0.114332965423E-01  0.116082885729E-01  0.117854817323E-01
  0.119649037073E-01  0.121465825329E-01  0.123305465968E-01  0.125168246438E-01
  0.127054457802E-01  0.128964394784E-01  0.130898355815E-01  0.132856643082E-01
  0.134839562570E-01  0.136847424115E-01  0.138880541449E-01  0.140939232251E-01
  0.143023818195E-01  0.145134625003E-01  0.147271982492E-01  0.149436224628E-01
  0.151627689580E-01  0.153846719766E-01  0.156093661917E-01  0.158368867121E-01
  0.160672690883E-01  0.163005493180E-01  0.165367638518E-01  0.167759495987E-01
  0.170181439319E-01  0.172633846948E-01  0.175117102068E-01  0.177631592691E-01
  0.180177711713E-01  0.182755856970E-01  0.185366431302E-01  0.188009842617E-01
  0.190686503953E-01  0.193396833544E-01  0.196141254884E-01  0.198920196795E-01
  0.201734093492E-01  0.204583384653E-01  0.207468515484E-01  0.210389936793E-01
  0.213348105059E-01  0.216343482502E-01  0.219376537154E-01  0.222447742937E-01
  0.225557579733E-01  0.228706533461E-01  0.231895096150E-01  0.235123766021E-01
  0.238393047559E-01  0.241703451597E-01  0.245055495391E-01  0.248449702706E-01
  0.251886603893E-01  0.255366735976E-01  0.258890642730E-01  0.262458874776E-01
  0.266071989655E-01  0.269730551924E-01  0.273435133242E-01  0.277186312457E-01
  0.280984675697E-01  0.284830816465E-01  0.288725335729E-01  0.292668842014E-01
  0.296661951502E-01  0.300705288124E-01  0.304799483660E-01  0.308945177837E-01
  0.313143018426E-01  0.317393661350E-01  0.321697770780E-01  0.326056019242E-01
  0.330469087721E-01  0.334937665768E-01  0.339462451607E-01  0.344044152246E-01
  0.348683483584E-01  0.353381170527E-01  0.358137947097E-01  0.362954556551E-01
  0.367831751493E-01  0.372770293996E-01  0.377770955716E-01  0.382834518017E-01
  0.387961772091E-01  0.393153519083E-01  0.398410570212E-01  0.403733746904E-01
  0.409123880916E-01  0.414581814467E-01  0.420108400372E-01  0.425704502169E-01
  0.431370994261E-01  0.437108762050E-01  0.442918702073E-01  0.448801722145E-01
  0.454758741499E-01  0.460790690933E-01  0.466898512951E-01  0.473083161912E-01
  0.479345604180E-01  0.485686818275E-01  0.492107795024E-01  0.498609537718E-01
  0.505193062267E-01  0.511859397361E-01  0.518609584627E-01  0.525444678797E-01
  0.532365747868E-01  0.539373873271E-01  0.546470150040E-01  0.553655686982E-01
  0.560931606852E-01  0.568299046528E-01  0.575759157186E-01  0.583313104486E-01
  0.590962068745E-01  0.598707245130E-01  0.606549843841E-01  0.614491090300E-01
  0.622532225343E-01  0.630674505414E-01  0.638919202759E-01  0.647267605631E-01
  0.655721018483E-01  0.664280762180E-01  0.672948174198E-01  0.681724608838E-01
  0.690611437435E-01  0.699610048576E-01  0.708721848311E-01  0.717948260377E-01
  0.727290726420E-01  0.736750706219E-01  0.746329677917E-01  0.756029138245E-01
  0.765850602765E-01  0.775795606101E-01  0.785865702179E-01  0.796062464472E-01
  0.806387486246E-01  0.816842380806E-01  0.827428781751E-01  0.838148343227E-01
  0.849002740188E-01  0.859993668654E-01  0.871122845982E-01  0.882392011127E-01
  0.893802924921E-01  0.905357370340E-01  0.917057152791E-01  0.928904100389E-01
  0.940900064243E-01  0.953046918747E-01  0.965346561872E-01  0.977800915461E-01
  0.990411925534E-01  0.100318156259      0.101611182190      0.102920472385    
  0.104246231424      0.105588666458      0.106947987247      0.108324406186    
  0.109718138344      0.111129401494      0.112558416150      0.114005405597    
  0.115470595931      0.116954216090      0.118456497894      0.119977676076    
  0.121517988325      0.123077675317      0.124656980755      0.126256151411    
  0.127875437158      0.129515091011      0.131175369171      0.132856531060    
  0.134558839362      0.136282560066      0.138027962508      0.139795319410    
  0.141584906925      0.143397004680      0.145231895818      0.147089867046    
  0.148971208675      0.150876214668      0.152805182687      0.154758414137    
  0.156736214214      0.158738891953      0.160766760277      0.162820136045    
  0.164899340100      0.167004697323      0.169136536679      0.171295191274    
  0.173480998400      0.175694299596      0.177935440694      0.180204771876    
  0.182502647731      0.184829427305      0.187185474164      0.189571156444    
  0.191986846913      0.194432923028      0.196909766992      0.199417765818    
  0.201957311386      0.204528800504      0.207132634974      0.209769221650    
  0.212438972503      0.215142304689      0.217879640607      0.220651407972    
  0.223458039878      0.226299974869      0.229177657000      0.232091535917    
  0.235042066919      0.238029711032      0.241054935081      0.244118211765    
  0.247220019726      0.250360843628      0.253541174231      0.256761508469    
  0.260022349525      0.263324206912      0.266667596553      0.270053040857    
  0.273481068809      0.276952216045      0.280467024937      0.284026044684    
  0.287629831387      0.291278948147      0.294973965145      0.298715459736    
  0.302504016534      0.306340227511      0.310224692082      0.314158017202    
  0.318140817462      0.322173715182      0.326257340510      0.330392331521    
  0.334579334317      0.338819003124      0.343112000400      0.347458996934    
  0.351860671954      0.356317713229      0.360830817182      0.365400688995    
  0.370028042718      0.374713601386      0.379458097127      0.384262271278    
  0.389126874500      0.394052666898      0.399040418138      0.404090907564    
  0.409204924327      0.414383267502      0.419626746215      0.424936179772    
  0.430312397781      0.435756240288      0.441268557904      0.446850211941    
  0.452502074542      0.458225028822      0.464019969006      0.469887800564    
  0.475829440357      0.481845816779      0.487937869899      0.494106551615    
  0.500352825794      0.506677668431      0.513082067794      0.519567024584    
  0.526133552089      0.532782676342      0.539515436283      0.546332883917    
  0.553236084487      0.560226116630      0.567304072554      0.574471058204    
  0.581728193435      0.589076612190      0.596517462674      0.604051907536    
  0.611681124047      0.619406304288      0.627228655335      0.635149399445    
  0.643169774251      0.651291032953      0.659514444514      0.667841293859    
  0.676272882075      0.684810526614      0.693455561502      0.702209337542    
  0.711073222530      0.720048601465      0.729136876770      0.738339468505    
  0.747657814594      0.757093371048      0.766647612192      0.776322030895    
  0.786118138804      0.796037466583      0.806081564145      0.816252000901    
  0.826550366004      0.836978268593      0.847537338049      0.858229224248    
  0.869055597820      0.880018150408      0.891118594932      0.902358665859    
  0.913740119474      0.925264734152      0.936934310637      0.948750672324    
  0.960715665544      0.972831159852      0.985099048317      0.997521247823    
   1.01009969936       1.02283636835       1.03573324491       1.04879234420    
   1.06201570674       1.07540539871       1.08896351227       1.10269216590    
   1.11659350474       1.13066970089       1.14492295380       1.15935549055    
   1.17396956627       1.18876746444       1.20375149724       1.21892400598    
   1.23428736139       1.24984396402       1.26559624461       1.28154666451    
   1.29769771599       1.31405192269       1.33061183999       1.34738005540    
   1.36435918900       1.38155189380       1.39896085622       1.41658879642    
   1.43443846881       1.45251266244       1.47081420144       1.48934594546    
   1.50811079013       1.52711166749       1.54635154646       1.56583343331    
   1.58556037214       1.60553544531       1.62576177397       1.64624251852    
   1.66698087913       1.68798009620       1.70924345091       1.73077426569    
   1.75257590478       1.77465177474       1.79700532495       1.81964004821    
   1.84255948125       1.86576720526       1.88926684650       1.91306207684    
   1.93715661433       1.96155422379       1.98625871741       2.01127395529    
   2.03660384614       2.06225234779       2.08822346788       2.11452126444    
   2.14114984656       2.16811337501       2.19541606289       2.22306217632    
   2.25105603504       2.27940201315       2.30810453978       2.33716809975    
   2.36659723430       2.39639654179       2.42657067843       2.45712435898    
   2.48806235752       2.51938950818       2.55111070589       2.58323090714    
   2.61575513079       2.64868845881       2.68203603710       2.71580307628    
   2.74999485254       2.78461670839       2.81967405358       2.85517236589    
   2.89111719200       2.92751414836       2.96436892207       3.00168727177    
   3.03947502852       3.07773809674       3.11648245511       3.15571415751    
   3.19543933398       3.23566419166       3.27639501576       3.31763817056    
   3.35940010038       3.40168733061       3.44450646872       3.48786420529    
   3.53176731504       3.57622265792       3.62123718019       3.66681791544    
   3.71297198576       3.75970660282       3.80702906900       3.85494677852    
   3.90346721863       3.95259797074       4.00234671164       4.05272121467    
   4.10372935094       4.15537909058       4.20767850397       4.26063576299    
   4.31425914233       4.36855702075       4.42353788241       4.47921031816    
   4.53558302695       4.59266481713       4.65046460784       4.70899143041    
   4.76825442979       4.82826286593       4.88902611528       4.95055367222    
   5.01285515055       5.07594028500       5.13981893277       5.20450107500    
   5.26999681843       5.33631639690       5.40347017296       5.47146863955    
   5.54032242155       5.61004227752       5.68063910131       5.75212392383    
   5.82450791472       5.89780238414       5.97201878449       6.04716871224    
   6.12326390971       6.20031626693       6.27833782349       6.35734077043    
   6.43733745210       6.51834036815       6.60036217546       6.68341569010    
   6.76751388935       6.85266991372       6.93889706902       7.02620882841    
   7.11461883454       7.20414090164       7.29478901773       7.38657734675    
   7.47952023083       7.57363219246       7.66892793684       7.76542235413    
   7.86313052177       7.96206770686       8.06224936854       8.16369116039    
   8.26640893291       8.37041873595       8.47573682126       8.58237964500    
   8.69036387033       8.79970637001       8.91042422902       9.02253474726    
   9.13605544221       9.25100405173       9.36739853676       9.48525708418    
   9.60459810963       9.72544026038       9.84780241827       9.97170370264    
   10.0971634733       10.2242013336       10.3528371335       10.4830909726    
   10.6149832032       10.7485344339       10.8837655323       11.0206976285    
   11.1593521184       11.2997506671       11.4419152122       11.5858679670    
   11.7316314247       11.8792283609       12.0286818381       12.1800152085    
   12.3332521185       12.4884165114       12.6455326322       12.8046250305    
   12.9657185648       13.1288384063       13.2940100429       13.4612592828    
   13.6306122593       13.8020954339       13.9757356013       14.1515598932    
   14.3295957824       14.5098710874       14.6924139766       14.8772529727    
   15.0644169571       15.2539351747       15.4458372379       15.6401531320    
   15.8369132191       16.0361482435       16.2378893359       16.4421680189    
   16.6490162114       16.8584662339       17.0705508133       17.2853030884    
   17.5027566145       17.7229453693       17.9459037576       18.1716666173    
   18.4002692241       18.6317472977       18.8661370071       19.1034749761    
   19.3437982892       19.5871444974       19.8335516242       20.0830581710    
   20.3357031239       20.5915259590       20.8505666493       21.1128656704    
   21.3784640069       21.6474031593       21.9197251498       22.1954725293    
   22.4746883838       22.7574163414       23.0437005789       23.3335858288    
   23.6271173862       23.9243411162       24.2253034604       24.5300514449    
   24.8386326872       25.1510954036       25.4674884172       25.7878611650    
   26.1122637059       26.4407467284       26.7733615587       27.1101601685    
   27.4511951833       27.7965198905       28.1461882478       28.5002548916    
   28.8587751455       29.2218050291       29.5894012664       29.9616212952    
   30.3385232756       30.7201660993       31.1066093988       31.4979135566    
   31.8941397147       32.2953497844       32.7016064555       33.1129732065    
   33.5295143142       33.9512948641       34.3783807601       34.8108387354    
   35.2487363624       35.6921420635       36.1411251217       36.5957556915    
   37.0561048099       37.5222444074       37.9942473193       38.4721872969    
   38.9561390193       39.4461781050       39.9423811236       40.4448256079    
   40.9535900657       41.4687539927       41.9903978841       42.5186032479    
   43.0534526173       43.5950295635       44.1434187092       44.6987057411    
   45.2609774241       45.8303216142       46.4068272725       46.9905844794    
   47.5816844480       48.1802195389       48.7862832745       49.3999703534    
   50.0213766654       50.6505993067       51.2877365944       51.9328880827    
   52.5861545776       53.2476381536       53.9174421686       54.5956712810    
   55.2824314654       55.9778300295       56.6819756307       57.3949782933    
   58.1169494253       58.8480018362       59.5882497544       60.3378088452    
   61.0967962287       61.8653304982       62.6435317388       63.4315215459    
   64.2294230447       65.0373609088       65.8554613802       66.6838522887    
   67.5226630722       68.3720247964       69.2320701759       70.1029335945    
   70.9847511265       71.8776605575       72.7818014065       73.6973149474    
   74.6243442310       75.5630341076       76.5135312492       77.4759841731    
   78.4505432644       79.4373608001       80.4365909723       81.4483899128    
   82.4729157172       83.5103284699       84.5607902685       85.6244652500    
   86.7015196157       87.7921216576       88.8964417844       90.0146525483    
   91.1469286722       92.2934470765       93.4543869069       94.6299295627    
   95.8202587249       97.0255603848       98.2460228731       99.4818368898    
   100.733195533       102.000294331       103.283331269       104.582506825    
   105.898023998       107.230088340       108.578907989       109.944693700    
   111.327658881       112.728019622       114.145994733       115.581805775    
   117.035677097       118.507835869       119.998512118    
 Pseudopotential follows (l on next line)
  0
 -0.461298348913E-03 -0.928399103137E-03 -0.140137527119E-02 -0.188030071822E-02
 -0.236525030623E-02 -0.285629977830E-02 -0.335352587459E-02 -0.385700627342E-02
 -0.436681964252E-02 -0.488304563441E-02 -0.540576490428E-02 -0.593505912132E-02
 -0.647101098169E-02 -0.701370422135E-02 -0.756322362916E-02 -0.811965506009E-02
 -0.868308544861E-02 -0.925360282228E-02 -0.983129631542E-02 -0.104162561831E-01
 -0.110085738150E-01 -0.116083417501E-01 -0.122156536907E-01 -0.128306045169E-01
 -0.134532903022E-01 -0.140838083274E-01 -0.147222570966E-01 -0.153687363521E-01
 -0.160233470903E-01 -0.166861915771E-01 -0.173573733638E-01 -0.180369973038E-01
 -0.187251695683E-01 -0.194219976630E-01 -0.201275904452E-01 -0.208420581404E-01
 -0.215655123596E-01 -0.222980661164E-01 -0.230398338451E-01 -0.237909314184E-01
 -0.245514761649E-01 -0.253215868882E-01 -0.261013838847E-01 -0.268909889627E-01
 -0.276905254612E-01 -0.285001182693E-01 -0.293198938453E-01 -0.301499802368E-01
 -0.309905071000E-01 -0.318416057207E-01 -0.327034090339E-01 -0.335760516450E-01
 -0.344596698507E-01 -0.353544016597E-01 -0.362603868149E-01 -0.371777668144E-01
 -0.381066849341E-01 -0.390472862495E-01 -0.399997176584E-01 -0.409641279038E-01
 -0.419406675970E-01 -0.429294892407E-01 -0.439307472530E-01 -0.449445979914E-01
 -0.459711997766E-01 -0.470107129177E-01 -0.480632997364E-01 -0.491291245929E-01
 -0.502083539108E-01 -0.513011562030E-01 -0.524077020980E-01 -0.535281643664E-01
 -0.546627179473E-01 -0.558115399757E-01 -0.569748098099E-01 -0.581527090590E-01
 -0.593454216114E-01 -0.605531336631E-01 -0.617760337460E-01 -0.630143127582E-01
 -0.642681639921E-01 -0.655377831654E-01 -0.668233684508E-01 -0.681251205066E-01
 -0.694432425080E-01 -0.707779401780E-01 -0.721294218196E-01 -0.734978983474E-01
 -0.748835833205E-01 -0.762866929756E-01 -0.777074462595E-01 -0.791460648638E-01
 -0.806027732582E-01 -0.820777987255E-01 -0.835713713964E-01 -0.850837242850E-01
 -0.866150933241E-01 -0.881657174023E-01 -0.897358383997E-01 -0.913257012258E-01
 -0.929355538564E-01 -0.945656473722E-01 -0.962162359968E-01 -0.978875771355E-01
 -0.995799314152E-01 -0.101293562724     -0.103028738251     -0.104785728528    
 -0.106564807470     -0.108366252418     -0.110190344179     -0.112037367072    
 -0.113907608967     -0.115801361335     -0.117718919284     -0.119660581611    
 -0.121626650845     -0.123617433290     -0.125633239076     -0.127674382202    
 -0.129741180585     -0.131833956108     -0.133953034670     -0.136098746231    
 -0.138271424866     -0.140471408812     -0.142699040519     -0.144954666705    
 -0.147238638402     -0.149551311014     -0.151893044366     -0.154264202759    
 -0.156665155025     -0.159096274581     -0.161557939484     -0.164050532486    
 -0.166574441095     -0.169130057625     -0.171717779261     -0.174338008114    
 -0.176991151276     -0.179677620889     -0.182397834196     -0.185152213606    
 -0.187941186756     -0.190765186572     -0.193624651330     -0.196520024722    
 -0.199451755916     -0.202420299627     -0.205426116174     -0.208469671552    
 -0.211551437495     -0.214671891543     -0.217831517110     -0.221030803553    
 -0.224270246238     -0.227550346612     -0.230871612271     -0.234234557031    
 -0.237639700996     -0.241087570636     -0.244578698851     -0.248113625049    
 -0.251692895216     -0.255317061992     -0.258986684741     -0.262702329630    
 -0.266464569699     -0.270273984940     -0.274131162371     -0.278036696111    
 -0.281991187458     -0.285995244965     -0.290049484517     -0.294154529407    
 -0.298311010416     -0.302519565886     -0.306780841803     -0.311095491873    
 -0.315464177597     -0.319887568353     -0.324366341470     -0.328901182309    
 -0.333492784341     -0.338141849220     -0.342849086864     -0.347615215531    
 -0.352440961894     -0.357327061119     -0.362274256938     -0.367283301724    
 -0.372354956567     -0.377489991343     -0.382689184790     -0.387953324575    
 -0.393283207366     -0.398679638898     -0.404143434043     -0.409675416870    
 -0.415276420714     -0.420947288231     -0.426688871461     -0.432502031883    
 -0.438387640470     -0.444346577740     -0.450379733801     -0.456488008401    
 -0.462672310966     -0.468933560638     -0.475272686310     -0.481690626654    
 -0.488188330143     -0.494766755077     -0.501426869590     -0.508169651661    
 -0.514996089116     -0.521907179624     -0.528903930682     -0.535987359601    
 -0.543158493471     -0.550418369132     -0.557768033123     -0.565208541631    
 -0.572740960421     -0.580366364763     -0.588085839339     -0.595900478145    
 -0.603811384372     -0.611819670283     -0.619926457059     -0.628132874645    
 -0.636440061571     -0.644849164752     -0.653361339275     -0.661977748162    
 -0.670699562110     -0.679527959211     -0.688464124643     -0.697509250342    
 -0.706664534635     -0.715931181856     -0.725310401923     -0.734803409882    
 -0.744411425423     -0.754135672348     -0.763977378011     -0.773937772709    
 -0.784018089031     -0.794219561163     -0.804543424138     -0.814990913045    
 -0.825563262166     -0.836261704073     -0.847087468653     -0.858041782070    
 -0.869125865657     -0.880340934742     -0.891688197390     -0.903168853069    
 -0.914784091229     -0.926535089791     -0.938423013544     -0.950449012439    
 -0.962614219776     -0.974919750287     -0.987366698097     -0.999956134560    
  -1.01268910597      -1.02556663114      -1.03858969881      -1.05175926494    
  -1.06507624986      -1.07854153514      -1.09215596044      -1.10592032008    
  -1.11983535943      -1.13390177111      -1.14812019096      -1.16249119383    
  -1.17701528904      -1.19169291575      -1.20652443790      -1.22151013898    
  -1.23665021653      -1.25194477628      -1.26739382603      -1.28299726921    
  -1.29875489806      -1.31466638651      -1.33073128270      -1.34694900105    
  -1.36331881401      -1.37983984339      -1.39651105123      -1.41333123025    
  -1.43029899384      -1.44741276562      -1.46467076840      -1.48207101278    
  -1.49961128512      -1.51728913504      -1.53510186232      -1.55304650329    
  -1.57111981664      -1.58931826857      -1.60763801747      -1.62607489788    
  -1.64462440390      -1.66328167197      -1.68204146301      -1.70089814397    
  -1.71984566875      -1.73887755850      -1.75798688132      -1.77716623141    
  -1.79640770758      -1.81570289131      -1.83504282425      -1.85441798526    
  -1.87381826700      -1.89323295224      -1.91265068975      -1.93205947008    
  -1.95144660110      -1.97079868356      -1.99010158667      -2.00934042397    
  -2.02849952939      -2.04756243397      -2.06651184312      -2.08532961486    
  -2.10399673910      -2.12249331825      -2.14079854948      -2.15889070886    
  -2.17674713772      -2.19434423156      -2.21165743199      -2.22866122193    
  -2.24532912473      -2.26163370754      -2.27754658950      -2.29303845534    
  -2.30807907494      -2.32263732947      -2.33668124491      -2.35017803344    
  -2.36309414374      -2.37539532068      -2.38704667553      -2.39801276729    
  -2.40825769621      -2.41774521036      -2.42643882611      -2.43430196365    
  -2.44129809836      -2.44739092896      -2.45254456360      -2.45672372457    
  -2.45989397257      -2.46202195151      -2.46307565430      -2.46302471052    
  -2.46184069632      -2.45949746695      -2.45597151207      -2.45124233380    
  -2.44529284707      -2.43810980181      -2.42968422574      -2.42001188650    
  -2.40909377110      -2.39693658039      -2.38355323523      -2.36896339092    
  -2.35319395515      -2.33627960411      -2.31826329064      -2.29919673680    
  -2.27914090251      -2.25816642059      -2.23635398698      -2.21379469373    
  -2.19059029076      -2.16685336067      -2.14270738934      -2.11828671313    
  -2.09373632201      -2.06921149577      -2.04487724920      -2.02090756012    
  -1.99748435298      -1.97479620968      -1.95303677830      -1.93240285077    
  -1.91309208091      -1.89530031632      -1.87921852076      -1.86502926878    
  -1.85290280162      -1.84299264379      -1.83543079372      -1.83032252010    
  -1.82774081963      -1.82772062271      -1.83025287241      -1.83527865099    
  -1.84268358886      -1.85229286626      -1.86386720923      -1.87710039404    
  -1.89161891006      -1.90698459485      -1.92270125357      -1.93822651124    
  -1.95299043033      -1.96642276757      -1.97799112657      -1.98725286440    
  -1.99392368107      -1.99796773824      -1.99972269683      -1.99999923615    
  -2.00000035292      -1.99999996545      -1.99999995503      -2.00000002044    
  -1.99999999594      -2.00000000057      -1.99999999983      -1.99999999990    
  -1.99999999991      -1.99999999991      -1.99999999991      -1.99999999992    
  -1.99999999992      -1.99999999992      -1.99999999993      -1.99999999993    
  -1.99999999993      -1.99999999994      -1.99999999994      -1.99999999994    
  -1.99999999994      -1.99999999995      -1.99999999995      -1.99999999995    
  -1.99999999995      -1.99999999996      -1.99999999996      -1.99999999996    
  -1.99999999996      -1.99999999996      -1.99999999997      -1.99999999997    
  -1.99999999997      -1.99999999997      -1.99999999997      -1.99999999998    
  -1.99999999998      -1.99999999998      -1.99999999998      -1.99999999998    
  -1.99999999998      -1.99999999998      -1.99999999999      -1.99999999999    
  -1.99999999999      -1.99999999999      -1.99999999999      -1.99999999999    
  -1.99999999999      -1.99999999999      -1.99999999999      -1.99999999999    
  -1.99999999999      -1.99999999999      -2.00000000000      -2.00000000000    
  -2.00000000000      -2.00000000000      -2.00000000000      -2.00000000000    
  -2.00000000000      -2.00000000000      -2.00000000000      -2.00000000000    
  -2.00000000000      -2.00000000000      -2.00000000000      -2.00000000000    
  -2.00000000000      -2.00000000000      -2.00000000000      -2.00000000000    
  -2.00000000000      -2.00000000000      -2.00000000000      -2.00000000000    
  -2.00000000000      -2.00000000000      -2.00000000000      -2.00000000000    
  -2.00000000000      -2.00000000000      -2.00000000000      -2.00000000000    
  -2.00000000000      -2.00000000000      -2.00000000000      -2.00000000000    
  -2.00000000000      -2.00000000000      -2.00000000000      -2.00000000000    
  -2.00000000000      -2.00000000000      -2.00000000000      -2.00000000000    
  -2.00000000000      -2.00000000000      -2.00000000000      -2.00000000000    
  -2.00000000000      -2.00000000000      -2.00000000000      -2.00000000000    
  -2.00000000000      -2.00000000000      -2.00000000000      -2.00000000000    
  -2.00000000000      -2.00000000000      -2.00000000000      -2.00000000000    
  -2.00000000000      -2.00000000000      -2.00000000000      -2.00000000000    
  -2.00000000000      -2.00000000000      -2.00000000000      -2.00000000000    
  -2.00000000000      -2.00000000000      -2.00000000000      -2.00000000000    
  -2.00000000000      -2.00000000000      -2.00000000000      -2.00000000000    
  -2.00000000000      -2.00000000000      -2.00000000000      -2.00000000000    
  -2.00000000000      -2.00000000000      -2.00000000000      -2.00000000000    
  -2.00000000000      -2.00000000000      -2.00000000000      -2.00000000000    
  -2.00000000000      -2.00000000000      -2.00000000000      -2.00000000000    
  -2.00000000000      -2.00000000000      -2.00000000000      -2.00000000000    
  -2.00000000000      -2.00000000000      -2.00000000000      -2.00000000000    
  -2.00000000000      -2.00000000000      -2.00000000000      -2.00000000000    
  -2.00000000000      -2.00000000000      -2.00000000000      -2.00000000000    
  -2.00000000000      -2.00000000000      -2.00000000000      -2.00000000000    
  -2.00000000000      -2.00000000000      -2.00000000000      -2.00000000000    
  -2.00000000000      -2.00000000000      -2.00000000000      -2.00000000000    
  -2.00000000000      -2.00000000000      -2.00000000000      -2.00000000000    
  -2.00000000000      -2.00000000000      -2.00000000000      -2.00000000000    
  -2.00000000000      -2.00000000000      -2.00000000000      -2.00000000000    
  -2.00000000000      -2.00000000000      -2.00000000000      -2.00000000000    
  -2.00000000000      -2.00000000000      -2.00000000000      -2.00000000000    
  -2.00000000000      -2.00000000000      -2.00000000000      -2.00000000000    
  -2.00000000000      -2.00000000000      -2.00000000000      -2.00000000000    
  -2.00000000000      -2.00000000000      -2.00000000000      -2.00000000000    
  -2.00000000000      -2.00000000000      -2.00000000000      -2.00000000000    
  -2.00000000000      -2.00000000000      -2.00000000000      -2.00000000000    
  -2.00000000000      -2.00000000000      -2.00000000000      -2.00000000000    
  -2.00000000000      -2.00000000000      -2.00000000000      -2.00000000000    
  -2.00000000000      -2.00000000000      -2.00000000000      -2.00000000000    
  -2.00000000000      -2.00000000000      -2.00000000000      -2.00000000000    
  -2.00000000000      -2.00000000000      -2.00000000000      -2.00000000000    
  -2.00000000000      -2.00000000000      -2.00000000000      -2.00000000000    
  -2.00000000000      -2.00000000000      -2.00000000000      -2.00000000000    
  -2.00000000000      -2.00000000000      -2.00000000000      -2.00000000000    
  -2.00000000000      -2.00000000000      -2.00000000000      -2.00000000000    
  -2.00000000000      -2.00000000000      -2.00000000000      -2.00000000000    
  -2.00000000000      -2.00000000000      -2.00000000000      -2.00000000000    
  -2.00000000000      -2.00000000000      -2.00000000000      -2.00000000000    
  -2.00000000000      -2.00000000000      -2.00000000000      -2.00000000000    
  -2.00000000000      -2.00000000000      -2.00000000000      -2.00000000000    
  -2.00000000000      -2.00000000000      -2.00000000000      -2.00000000000    
  -2.00000000000      -2.00000000000      -2.00000000000      -2.00000000000    
  -2.00000000000      -2.00000000000      -2.00000000000      -2.00000000000    
  -2.00000000000      -2.00000000000      -2.00000000000      -2.00000000000    
  -2.00000000000      -2.00000000000      -2.00000000000      -2.00000000000    
  -2.00000000000      -2.00000000000      -2.00000000000      -2.00000000000    
  -2.00000000000      -2.00000000000      -2.00000000000      -2.00000000000    
  -2.00000000000      -2.00000000000      -2.00000000000      -2.00000000000    
  -2.00000000000      -2.00000000000      -2.00000000000      -2.00000000000    
  -2.00000000000      -2.00000000000      -2.00000000000      -2.00000000000    
  -2.00000000000      -2.00000000000      -2.00000000000      -2.00000000000    
  -2.00000000000      -2.00000000000      -2.00000000000      -2.00000000000    
  -2.00000000000      -2.00000000000      -2.00000000000      -2.00000000000    
  -2.00000000000      -2.00000000000      -2.00000000000      -2.00000000000    
  -2.00000000000      -2.00000000000      -2.00000000000      -2.00000000000    
  -2.00000000000      -2.00000000000      -2.00000000000      -2.00000000000    
  -2.00000000000      -2.00000000000      -2.00000000000      -2.00000000000    
  -2.00000000000      -2.00000000000      -2.00000000000      -2.00000000000    
  -2.00000000000      -2.00000000000      -2.00000000000      -2.00000000000    
  -2.00000000000      -2.00000000000      -2.00000000000      -2.00000000000    
  -2.00000000000      -2.00000000000      -2.00000000000      -2.00000000000    
  -2.00000000000      -2.00000000000      -2.00000000000      -2.00000000000    
  -2.00000000000      -2.00000000000      -2.00000000000      -2.00000000000    
  -2.00000000000      -2.00000000000      -2.00000000000      -2.00000000000    
  -2.00000000000      -2.00000000000      -2.00000000000      -2.00000000000    
  -2.00000000000      -2.00000000000      -2.00000000000      -2.00000000000    
  -2.00000000000      -2.00000000000      -2.00000000000      -2.00000000000    
  -2.00000000000      -2.00000000000      -2.00000000000      -2.00000000000    
  -2.00000000000      -2.00000000000      -2.00000000000      -2.00000000000    
  -2.00000000000      -2.00000000000      -2.00000000000      -2.00000000000    
  -2.00000000000      -2.00000000000      -2.00000000000      -2.00000000000    
  -2.00000000000      -2.00000000000      -2.00000000000      -2.00000000000    
  -2.00000000000      -2.00000000000      -2.00000000000      -2.00000000000    
  -2.00000000000      -2.00000000000      -2.00000000000      -2.00000000000    
  -2.00000000000      -2.00000000000      -2.00000000000      -2.00000000000    
  -2.00000000000      -2.00000000000      -2.00000000000      -2.00000000000    
  -2.00000000000      -2.00000000000      -2.00000000000      -2.00000000000    
  -2.00000000000      -2.00000000000      -2.00000000000      -2.00000000000    
  -2.00000000000      -2.00000000000      -2.00000000000      -2.00000000000    
  -2.00000000000      -2.00000000000      -2.00000000000      -2.00000000000    
  -2.00000000000      -2.00000000000      -2.00000000000      -2.00000000000    
  -2.00000000000      -2.00000000000      -2.00000000000      -2.00000000000    
  -2.00000000000      -2.00000000000      -2.00000000000    
 Core charge follows
   0.00000000000       0.00000000000       0.00000000000       0.00000000000    
   0.00000000000       0.00000000000       0.00000000000       0.00000000000    
   0.00000000000       0.00000000000       0.00000000000       0.00000000000    
   0.00000000000       0.00000000000       0.00000000000       0.00000000000    
   0.00000000000       0.00000000000       0.00000000000       0.00000000000    
   0.00000000000       0.00000000000       0.00000000000       0.00000000000    
   0.00000000000       0.00000000000       0.00000000000       0.00000000000    
   0.00000000000       0.00000000000       0.00000000000       0.00000000000    
   0.00000000000       0.00000000000       0.00000000000       0.00000000000    
   0.00000000000       0.00000000000       0.00000000000       0.00000000000    
   0.00000000000       0.00000000000       0.00000000000       0.00000000000    
   0.00000000000       0.00000000000       0.00000000000       0.00000000000    
   0.00000000000       0.00000000000       0.00000000000       0.00000000000    
   0.00000000000       0.00000000000       0.00000000000       0.00000000000    
   0.00000000000       0.00000000000       0.00000000000       0.00000000000    
   0.00000000000       0.00000000000       0.00000000000       0.00000000000    
   0.00000000000       0.00000000000       0.00000000000       0.00000000000    
   0.00000000000       0.00000000000       0.00000000000       0.00000000000    
   0.00000000000       0.00000000000       0.00000000000       0.00000000000    
   0.00000000000       0.00000000000       0.00000000000       0.00000000000    
   0.00000000000       0.00000000000       0.00000000000       0.00000000000    
   0.00000000000       0.00000000000       0.00000000000       0.00000000000    
   0.00000000000       0.00000000000       0.00000000000       0.00000000000    
   0.00000000000       0.00000000000       0.00000000000       0.00000000000    
   0.00000000000       0.00000000000       0.00000000000       0.00000000000    
   0.00000000000       0.00000000000       0.00000000000       0.00000000000    
   0.00000000000       0.00000000000       0.00000000000       0.00000000000    
   0.00000000000       0.00000000000       0.00000000000       0.00000000000    
   0.00000000000       0.00000000000       0.00000000000       0.00000000000    
   0.00000000000       0.00000000000       0.00000000000       0.00000000000    
   0.00000000000       0.00000000000       0.00000000000       0.00000000000    
   0.00000000000       0.00000000000       0.00000000000       0.00000000000    
   0.00000000000       0.00000000000       0.00000000000       0.00000000000    
   0.00000000000       0.00000000000       0.00000000000       0.00000000000    
   0.00000000000       0.00000000000       0.00000000000       0.00000000000    
   0.00000000000       0.00000000000       0.00000000000       0.00000000000    
   0.00000000000       0.00000000000       0.00000000000       0.00000000000    
   0.00000000000       0.00000000000       0.00000000000       0.00000000000    
   0.00000000000       0.00000000000       0.00000000000       0.00000000000    
   0.00000000000       0.00000000000       0.00000000000       0.00000000000    
   0.00000000000       0.00000000000       0.00000000000       0.00000000000    
   0.00000000000       0.00000000000       0.00000000000       0.00000000000    
   0.00000000000       0.00000000000       0.00000000000       0.00000000000    
   0.00000000000       0.00000000000       0.00000000000       0.00000000000    
   0.00000000000       0.00000000000       0.00000000000       0.00000000000    
   0.00000000000       0.00000000000       0.00000000000       0.00000000000    
   0.00000000000       0.00000000000       0.00000000000       0.00000000000    
   0.00000000000       0.00000000000       0.00000000000       0.00000000000    
   0.00000000000       0.00000000000       0.00000000000       0.00000000000    
   0.00000000000       0.00000000000       0.00000000000       0.00000000000    
   0.00000000000       0.00000000000       0.00000000000       0.00000000000    
   0.00000000000       0.00000000000       0.00000000000       0.00000000000    
   0.00000000000       0.00000000000       0.00000000000       0.00000000000    
   0.00000000000       0.00000000000       0.00000000000       0.00000000000    
   0.00000000000       0.00000000000       0.00000000000       0.00000000000    
   0.00000000000       0.00000000000       0.00000000000       0.00000000000    
   0.00000000000       0.00000000000       0.00000000000       0.00000000000    
   0.00000000000       0.00000000000       0.00000000000       0.00000000000    
   0.00000000000       0.00000000000       0.00000000000       0.00000000000    
   0.00000000000       0.00000000000       0.00000000000       0.00000000000    
   0.00000000000       0.00000000000       0.00000000000       0.00000000000    
   0.00000000000       0.00000000000       0.00000000000       0.00000000000    
   0.00000000000       0.00000000000       0.00000000000       0.00000000000    
   0.00000000000       0.00000000000       0.00000000000       0.00000000000    
   0.00000000000       0.00000000000       0.00000000000       0.00000000000    
   0.00000000000       0.00000000000       0.00000000000       0.00000000000    
   0.00000000000       0.00000000000       0.00000000000       0.00000000000    
   0.00000000000       0.00000000000       0.00000000000       0.00000000000    
   0.00000000000       0.00000000000       0.00000000000       0.00000000000    
   0.00000000000       0.00000000000       0.00000000000       0.00000000000    
   0.00000000000       0.00000000000       0.00000000000       0.00000000000    
   0.00000000000       0.00000000000       0.00000000000       0.00000000000    
   0.00000000000       0.00000000000       0.00000000000       0.00000000000    
   0.00000000000       0.00000000000       0.00000000000       0.00000000000    
   0.00000000000       0.00000000000       0.00000000000       0.00000000000    
   0.00000000000       0.00000000000       0.00000000000       0.00000000000    
   0.00000000000       0.00000000000       0.00000000000       0.00000000000    
   0.00000000000       0.00000000000       0.00000000000       0.00000000000    
   0.00000000000       0.00000000000       0.00000000000       0.00000000000    
   0.00000000000       0.00000000000       0.00000000000       0.00000000000    
   0.00000000000       0.00000000000       0.00000000000       0.00000000000    
   0.00000000000       0.00000000000       0.00000000000       0.00000000000    
   0.00000000000       0.00000000000       0.00000000000       0.00000000000    
   0.00000000000       0.00000000000       0.00000000000       0.00000000000    
   0.00000000000       0.00000000000       0.00000000000       0.00000000000    
   0.00000000000       0.00000000000       0.00000000000       0.00000000000    
   0.00000000000       0.00000000000       0.00000000000       0.00000000000    
   0.00000000000       0.00000000000       0.00000000000       0.00000000000    
   0.00000000000       0.00000000000       0.00000000000       0.00000000000    
   0.00000000000       0.00000000000       0.00000000000       0.00000000000    
   0.00000000000       0.00000000000       0.00000000000       0.00000000000    
   0.00000000000       0.00000000000       0.00000000000       0.00000000000    
   0.00000000000       0.00000000000       0.00000000000       0.00000000000    
   0.00000000000       0.00000000000       0.00000000000       0.00000000000    
   0.00000000000       0.00000000000       0.00000000000       0.00000000000    
   0.00000000000       0.00000000000       0.00000000000       0.00000000000    
   0.00000000000       0.00000000000       0.00000000000       0.00000000000    
   0.00000000000       0.00000000000       0.00000000000       0.00000000000    
   0.00000000000       0.00000000000       0.00000000000       0.00000000000    
   0.00000000000       0.00000000000       0.00000000000       0.00000000000    
   0.00000000000       0.00000000000       0.00000000000       0.00000000000    
   0.00000000000       0.00000000000       0.00000000000       0.00000000000    
   0.00000000000       0.00000000000       0.00000000000       0.00000000000    
   0.00000000000       0.00000000000       0.00000000000       0.00000000000    
   0.00000000000       0.00000000000       0.00000000000       0.00000000000    
   0.00000000000       0.00000000000       0.00000000000       0.00000000000    
   0.00000000000       0.00000000000       0.00000000000       0.00000000000    
   0.00000000000       0.00000000000       0.00000000000       0.00000000000    
   0.00000000000       0.00000000000       0.00000000000       0.00000000000    
   0.00000000000       0.00000000000       0.00000000000       0.00000000000    
   0.00000000000       0.00000000000       0.00000000000       0.00000000000    
   0.00000000000       0.00000000000       0.00000000000       0.00000000000    
   0.00000000000       0.00000000000       0.00000000000       0.00000000000    
   0.00000000000       0.00000000000       0.00000000000       0.00000000000    
   0.00000000000       0.00000000000       0.00000000000       0.00000000000    
   0.00000000000       0.00000000000       0.00000000000       0.00000000000    
   0.00000000000       0.00000000000       0.00000000000       0.00000000000    
   0.00000000000       0.00000000000       0.00000000000       0.00000000000    
   0.00000000000       0.00000000000       0.00000000000       0.00000000000    
   0.00000000000       0.00000000000       0.00000000000       0.00000000000    
   0.00000000000       0.00000000000       0.00000000000       0.00000000000    
   0.00000000000       0.00000000000       0.00000000000       0.00000000000    
   0.00000000000       0.00000000000       0.00000000000       0.00000000000    
   0.00000000000       0.00000000000       0.00000000000       0.00000000000    
   0.00000000000       0.00000000000       0.00000000000       0.00000000000    
   0.00000000000       0.00000000000       0.00000000000       0.00000000000    
   0.00000000000       0.00000000000       0.00000000000       0.00000000000    
   0.00000000000       0.00000000000       0.00000000000       0.00000000000    
   0.00000000000       0.00000000000       0.00000000000       0.00000000000    
   0.00000000000       0.00000000000       0.00000000000       0.00000000000    
   0.00000000000       0.00000000000       0.00000000000       0.00000000000    
   0.00000000000       0.00000000000       0.00000000000       0.00000000000    
   0.00000000000       0.00000000000       0.00000000000       0.00000000000    
   0.00000000000       0.00000000000       0.00000000000       0.00000000000    
   0.00000000000       0.00000000000       0.00000000000       0.00000000000    
   0.00000000000       0.00000000000       0.00000000000       0.00000000000    
   0.00000000000       0.00000000000       0.00000000000       0.00000000000    
   0.00000000000       0.00000000000       0.00000000000       0.00000000000    
   0.00000000000       0.00000000000       0.00000000000       0.00000000000    
   0.00000000000       0.00000000000       0.00000000000       0.00000000000    
   0.00000000000       0.00000000000       0.00000000000       0.00000000000    
   0.00000000000       0.00000000000       0.00000000000       0.00000000000    
   0.00000000000       0.00000000000       0.00000000000       0.00000000000    
   0.00000000000       0.00000000000       0.00000000000       0.00000000000    
   0.00000000000       0.00000000000       0.00000000000       0.00000000000    
   0.00000000000       0.00000000000       0.00000000000       0.00000000000    
   0.00000000000       0.00000000000       0.00000000000       0.00000000000    
   0.00000000000       0.00000000000       0.00000000000       0.00000000000    
   0.00000000000       0.00000000000       0.00000000000       0.00000000000    
   0.00000000000       0.00000000000       0.00000000000       0.00000000000    
   0.00000000000       0.00000000000       0.00000000000       0.00000000000    
   0.00000000000       0.00000000000       0.00000000000       0.00000000000    
   0.00000000000       0.00000000000       0.00000000000       0.00000000000    
   0.00000000000       0.00000000000       0.00000000000       0.00000000000    
   0.00000000000       0.00000000000       0.00000000000       0.00000000000    
   0.00000000000       0.00000000000       0.00000000000       0.00000000000    
   0.00000000000       0.00000000000       0.00000000000       0.00000000000    
   0.00000000000       0.00000000000       0.00000000000       0.00000000000    
   0.00000000000       0.00000000000       0.00000000000       0.00000000000    
   0.00000000000       0.00000000000       0.00000000000       0.00000000000    
   0.00000000000       0.00000000000       0.00000000000       0.00000000000    
   0.00000000000       0.00000000000       0.00000000000       0.00000000000    
   0.00000000000       0.00000000000       0.00000000000       0.00000000000    
   0.00000000000       0.00000000000       0.00000000000       0.00000000000    
   0.00000000000       0.00000000000       0.00000000000       0.00000000000    
   0.00000000000       0.00000000000       0.00000000000       0.00000000000    
   0.00000000000       0.00000000000       0.00000000000       0.00000000000    
   0.00000000000       0.00000000000       0.00000000000       0.00000000000    
   0.00000000000       0.00000000000       0.00000000000       0.00000000000    
   0.00000000000       0.00000000000       0.00000000000       0.00000000000    
   0.00000000000       0.00000000000       0.00000000000       0.00000000000    
   0.00000000000       0.00000000000       0.00000000000       0.00000000000    
   0.00000000000       0.00000000000       0.00000000000       0.00000000000    
   0.00000000000       0.00000000000       0.00000000000       0.00000000000    
   0.00000000000       0.00000000000       0.00000000000       0.00000000000    
   0.00000000000       0.00000000000       0.00000000000       0.00000000000    
   0.00000000000       0.00000000000       0.00000000000       0.00000000000    
   0.00000000000       0.00000000000       0.00000000000       0.00000000000    
   0.00000000000       0.00000000000       0.00000000000       0.00000000000    
   0.00000000000       0.00000000000       0.00000000000       0.00000000000    
   0.00000000000       0.00000000000       0.00000000000       0.00000000000    
   0.00000000000       0.00000000000       0.00000000000       0.00000000000    
   0.00000000000       0.00000000000       0.00000000000       0.00000000000    
   0.00000000000       0.00000000000       0.00000000000       0.00000000000    
   0.00000000000       0.00000000000       0.00000000000       0.00000000000    
   0.00000000000       0.00000000000       0.00000000000       0.00000000000    
   0.00000000000       0.00000000000       0.00000000000       0.00000000000    
   0.00000000000       0.00000000000       0.00000000000       0.00000000000    
   0.00000000000       0.00000000000       0.00000000000       0.00000000000    
   0.00000000000       0.00000000000       0.00000000000       0.00000000000    
   0.00000000000       0.00000000000       0.00000000000       0.00000000000    
   0.00000000000       0.00000000000       0.00000000000       0.00000000000    
   0.00000000000       0.00000000000       0.00000000000       0.00000000000    
   0.00000000000       0.00000000000       0.00000000000       0.00000000000    
   0.00000000000       0.00000000000       0.00000000000       0.00000000000    
   0.00000000000       0.00000000000       0.00000000000       0.00000000000    
   0.00000000000       0.00000000000       0.00000000000       0.00000000000    
   0.00000000000       0.00000000000       0.00000000000       0.00000000000    
   0.00000000000       0.00000000000       0.00000000000       0.00000000000    
   0.00000000000       0.00000000000       0.00000000000       0.00000000000    
   0.00000000000       0.00000000000       0.00000000000       0.00000000000    
   0.00000000000       0.00000000000       0.00000000000       0.00000000000    
   0.00000000000       0.00000000000       0.00000000000       0.00000000000    
   0.00000000000       0.00000000000       0.00000000000       0.00000000000    
   0.00000000000       0.00000000000       0.00000000000       0.00000000000    
   0.00000000000       0.00000000000       0.00000000000       0.00000000000    
   0.00000000000       0.00000000000       0.00000000000       0.00000000000    
   0.00000000000       0.00000000000       0.00000000000       0.00000000000    
   0.00000000000       0.00000000000       0.00000000000       0.00000000000    
   0.00000000000       0.00000000000       0.00000000000       0.00000000000    
   0.00000000000       0.00000000000       0.00000000000       0.00000000000    
   0.00000000000       0.00000000000       0.00000000000       0.00000000000    
   0.00000000000       0.00000000000       0.00000000000       0.00000000000    
   0.00000000000       0.00000000000       0.00000000000       0.00000000000    
   0.00000000000       0.00000000000       0.00000000000       0.00000000000    
   0.00000000000       0.00000000000       0.00000000000    
 Valence charge follows
  0.286708669239E-08  0.116130542786E-07  0.264597611114E-07  0.476356002039E-07
  0.753756761740E-07  0.109921986811E-06  0.151523609385E-06  0.200436891815E-06
  0.256925648829E-06  0.321261363236E-06  0.393723392443E-06  0.474599180363E-06
  0.564184474826E-06  0.662783550665E-06  0.770709438599E-06  0.888284160074E-06
  0.101583896821E-05  0.115371459501E-05  0.130226150500E-05  0.146184015545E-05
  0.163282126332E-05  0.181558607924E-05  0.201052666845E-05  0.221804619915E-05
  0.243855923825E-05  0.267249205485E-05  0.292028293151E-05  0.318238248364E-05
  0.345925398713E-05  0.375137371447E-05  0.405923127958E-05  0.438332999152E-05
  0.472418721737E-05  0.508233475452E-05  0.545831921252E-05  0.585270240484E-05
  0.626606175069E-05  0.669899068732E-05  0.715209909283E-05  0.762601371998E-05
  0.812137864116E-05  0.863885570481E-05  0.917912500362E-05  0.974288535485E-05
  0.103308547929E-04  0.109437710746E-04  0.115823921978E-04  0.122474969327E-04
  0.129398853673E-04  0.136603794669E-04  0.144098236478E-04  0.151890853658E-04
  0.159990557199E-04  0.168406500710E-04  0.177148086778E-04  0.186224973473E-04
  0.195647081032E-04  0.205424598714E-04  0.215567991823E-04  0.226088008915E-04
  0.236995689200E-04  0.248302370112E-04  0.260019695095E-04  0.272159621575E-04
  0.284734429139E-04  0.297756727927E-04  0.311239467234E-04  0.325195944337E-04
  0.339639813542E-04  0.354585095467E-04  0.370046186561E-04  0.386037868863E-04
  0.402575320020E-04  0.419674123546E-04  0.437350279357E-04  0.455620214567E-04
  0.474500794562E-04  0.494009334354E-04  0.514163610231E-04  0.534981871696E-04
  0.556482853715E-04  0.578685789276E-04  0.601610422268E-04  0.625277020689E-04
  0.649706390189E-04  0.674919887956E-04  0.700939436957E-04  0.727787540547E-04
  0.755487297435E-04  0.784062417046E-04  0.813537235263E-04  0.843936730575E-04
  0.875286540628E-04  0.907612979206E-04  0.940943053633E-04  0.975304482622E-04
  0.101072571458E-03  0.104723594635E-03  0.108486514250E-03  0.112364405499E-03
  0.116360424343E-03  0.120477809584E-03  0.124719884986E-03  0.129090061460E-03
  0.133591839295E-03  0.138228810452E-03  0.143004660917E-03  0.147923173101E-03
  0.152988228319E-03  0.158203809316E-03  0.163574002865E-03  0.169103002430E-03
  0.174795110889E-03  0.180654743338E-03  0.186686429954E-03  0.192894818936E-03
  0.199284679515E-03  0.205860905052E-03  0.212628516196E-03  0.219592664135E-03
  0.226758633923E-03  0.234131847889E-03  0.241717869141E-03  0.249522405142E-03
  0.257551311389E-03  0.265810595179E-03  0.274306419469E-03  0.283045106834E-03
  0.292033143521E-03  0.301277183606E-03  0.310784053259E-03  0.320560755107E-03
  0.330614472709E-03  0.340952575151E-03  0.351582621739E-03  0.362512366820E-03
  0.373749764725E-03  0.385302974824E-03  0.397180366716E-03  0.409390525542E-03
  0.421942257433E-03  0.434844595093E-03  0.448106803516E-03  0.461738385847E-03
  0.475749089391E-03  0.490148911764E-03  0.504948107200E-03  0.520157193010E-03
  0.535786956203E-03  0.551848460269E-03  0.568353052126E-03  0.585312369242E-03
  0.602738346926E-03  0.620643225801E-03  0.639039559459E-03  0.657940222302E-03
  0.677358417578E-03  0.697307685603E-03  0.717801912196E-03  0.738855337310E-03
  0.760482563871E-03  0.782698566844E-03  0.805518702498E-03  0.828958717917E-03
  0.853034760720E-03  0.877763389031E-03  0.903161581680E-03  0.929246748652E-03
  0.956036741783E-03  0.983549865719E-03  0.101180488913E-02  0.104082105619E-02
  0.107061809835E-02  0.110121624635E-02  0.113263624255E-02  0.116489935356E-02
  0.119802738314E-02  0.123204268540E-02  0.126696817833E-02  0.130282735769E-02
  0.133964431111E-02  0.137744373262E-02  0.141625093748E-02  0.145609187739E-02
  0.149699315595E-02  0.153898204465E-02  0.158208649902E-02  0.162633517535E-02
  0.167175744765E-02  0.171838342506E-02  0.176624396965E-02  0.181537071462E-02
  0.186579608292E-02  0.191755330624E-02  0.197067644453E-02  0.202520040583E-02
  0.208116096665E-02  0.213859479273E-02  0.219753946031E-02  0.225803347782E-02
  0.232011630808E-02  0.238382839097E-02  0.244921116659E-02  0.251630709896E-02
  0.258515970014E-02  0.265581355495E-02  0.272831434620E-02  0.280270888038E-02
  0.287904511404E-02  0.295737218054E-02  0.303774041748E-02  0.312020139469E-02
  0.320480794271E-02  0.329161418192E-02  0.338067555225E-02  0.347204884348E-02
  0.356579222610E-02  0.366196528283E-02  0.376062904075E-02  0.386184600403E-02
  0.396568018730E-02  0.407219714962E-02  0.418146402916E-02  0.429354957843E-02
  0.440852420026E-02  0.452645998433E-02  0.464743074443E-02  0.477151205630E-02
  0.489878129627E-02  0.502931768036E-02  0.516320230423E-02  0.530051818367E-02
  0.544135029582E-02  0.558578562101E-02  0.573391318527E-02  0.588582410351E-02
  0.604161162332E-02  0.620137116943E-02  0.636520038885E-02  0.653319919651E-02
  0.670546982172E-02  0.688211685501E-02  0.706324729578E-02  0.724897060038E-02
  0.743939873082E-02  0.763464620405E-02  0.783483014171E-02  0.804007032043E-02
  0.825048922262E-02  0.846621208766E-02  0.868736696362E-02  0.891408475930E-02
  0.914649929662E-02  0.938474736344E-02  0.962896876654E-02  0.987930638498E-02
  0.101359062235E-01  0.103989174663E-01  0.106684925306E-01  0.109447871207E-01
  0.112279602812E-01  0.115181744513E-01  0.118155955181E-01  0.121203928697E-01
  0.124327394483E-01  0.127528118029E-01  0.130807901411E-01  0.134168583811E-01
  0.137612042021E-01  0.141140190946E-01  0.144754984094E-01  0.148458414059E-01
  0.152252512990E-01  0.156139353049E-01  0.160121046852E-01  0.164199747900E-01
  0.168377650984E-01  0.172656992581E-01  0.177040051223E-01  0.181529147842E-01
  0.186126646101E-01  0.190834952683E-01  0.195656517568E-01  0.200593834265E-01
  0.205649440025E-01  0.210825916005E-01  0.216125887405E-01  0.221552023560E-01
  0.227107037989E-01  0.232793688399E-01  0.238614776645E-01  0.244573148627E-01
  0.250671694144E-01  0.256913346687E-01  0.263301083163E-01  0.269837923568E-01
  0.276526930580E-01  0.283371209089E-01  0.290373905642E-01  0.297538207820E-01
  0.304867343525E-01  0.312364580181E-01  0.320033223844E-01  0.327876618220E-01
  0.335898143580E-01  0.344101215574E-01  0.352489283939E-01  0.361065831089E-01
  0.369834370600E-01  0.378798445564E-01  0.387961626828E-01  0.397327511103E-01
  0.406899718934E-01  0.416681892551E-01  0.426677693561E-01  0.436890800516E-01
  0.447324906324E-01  0.457983715517E-01  0.468870941368E-01  0.479990302852E-01
  0.491345521460E-01  0.502940317851E-01  0.514778408349E-01  0.526863501285E-01
  0.539199293187E-01  0.551789464807E-01  0.564637677007E-01  0.577747566486E-01
  0.591122741369E-01  0.604766776659E-01  0.618683209542E-01  0.632875534586E-01
  0.647347198806E-01  0.662101596632E-01  0.677142064782E-01  0.692471877048E-01
  0.708094239023E-01  0.724012282776E-01  0.740229061494E-01  0.756747544121E-01
  0.773570610003E-01  0.790701043583E-01  0.808141529144E-01  0.825894645670E-01
  0.843962861812E-01  0.862348531030E-01  0.881053886927E-01  0.900081038815E-01
  0.919431967567E-01  0.939108521776E-01  0.959112414288E-01  0.979445219136E-01
  0.100010836894      0.102110315281      0.104243071480      0.106409205299    
  0.108608801920      0.110841931944      0.113108651508      0.115409002489    
  0.117743012785      0.120110696694      0.122512055377      0.124947077425    
  0.127415739520      0.129918007200      0.132453835721      0.135023171021    
  0.137625950790      0.140262105626      0.142931560288      0.145634235040    
  0.148370047059      0.151138911922      0.153940745140      0.156775463732    
  0.159642987818      0.162543242213      0.165476157988      0.168441673985    
  0.171439738243      0.174470309300      0.177533357348      0.180628865171    
  0.183756828855      0.186917258187      0.190110176723      0.193335621444    
  0.196593641964      0.199884299220      0.203207663596      0.206563812416    
  0.209952826762      0.213374787551      0.216829770857      0.220317842406    
  0.223839051254      0.227393422628      0.230980949933      0.234601585975    
  0.238255233455      0.241941734822      0.245660861631      0.249412303560    
  0.253195657330      0.257010415780      0.260855957434      0.264731536946    
  0.268636276852      0.272569161130      0.276529031089      0.280514584147    
  0.284524376062      0.288556827116      0.292610232708      0.296682778610    
  0.300772560916      0.304877610337      0.308995919925      0.313125474616    
  0.317264279925      0.321410385813      0.325561899903      0.329716981999    
  0.333873811931      0.338030538277      0.342185251980      0.346336000002    
  0.350480776049      0.354617523283      0.358744134817      0.362858454082    
  0.366958275491      0.371041345120      0.375105361478      0.379147976377    
  0.383166795887      0.387159381398      0.391123250770      0.395055879590    
  0.398954702531      0.402817114812      0.406640473768      0.410422100524    
  0.414159281781      0.417849271709      0.421489293958      0.425076543773    
  0.428608190227      0.432081378568      0.435493232675      0.438840857636    
  0.442121342434      0.445331762746      0.448469183856      0.451530663687    
  0.454513255929      0.457414013289      0.460229990843      0.462958249495    
  0.465595859538      0.468139904315      0.470587483977      0.472935719338    
  0.475181755817      0.477322767469      0.479355961090      0.481278580412    
  0.483087910361      0.484781281378      0.486356073815      0.487809722367    
  0.489139720570      0.490343625323      0.491419061458      0.492363726328    
  0.493175394413      0.493851921941      0.494391251505      0.494791416675    
  0.495050546590      0.495166870529      0.495138722436      0.494964545408    
  0.494642896117      0.494172449173      0.493552001395      0.492780476005    
  0.491856926711      0.490780541682      0.489550647392      0.488166712332    
  0.486628350571      0.484935325154      0.483087551327      0.481085099578    
  0.478928198476      0.476617237303      0.474152768461      0.471535509641    
  0.468766345755      0.465846330595      0.462776688233      0.459558814131    
  0.456194275961      0.452684814120      0.449032341931      0.445238945512    
  0.441306883322      0.437238585348      0.433036651953      0.428703852350    
  0.424243122721      0.419657563945      0.414950438958      0.410125169722    
  0.405185333802      0.400134660550      0.394977026900      0.389716452757    
  0.384357095999      0.378903247083      0.373359323259      0.367729862401    
  0.362019516455      0.356233044527      0.350375305594      0.344451250883    
  0.338465915900      0.332424412149      0.326331918546      0.320193672545    
  0.314014961014      0.307801110864      0.301557479467      0.295289444898    
  0.289002396011      0.282701722406      0.276392804278      0.270081002246    
  0.263771647139      0.257470029800      0.251181390954      0.244910911158    
  0.238663700891      0.232444790809      0.226259122215      0.220111537775    
  0.214006772518      0.207949445161      0.201944049793      0.195994947943    
  0.190106361078      0.184282363545      0.178526875995      0.172843659304    
  0.167236309016      0.161708250326      0.156262733613      0.150902830535    
  0.145631430694      0.140451238875      0.135364772854      0.130374361780    
  0.125482145117      0.120690072135      0.115999901945      0.111413204055    
  0.106931359430      0.102555562041      0.982868208672E-01  0.941259623441E-01
  0.900736332173E-01  0.861303037841E-01  0.822962714909E-01  0.785716648611E-01
  0.749564477245E-01  0.714504237204E-01  0.680532410491E-01  0.647643974429E-01
  0.615832453346E-01  0.585089971973E-01  0.555407310343E-01  0.526773959988E-01
  0.499178181233E-01  0.472607061417E-01  0.447046573896E-01  0.422481637672E-01
  0.398896177534E-01  0.376273184607E-01  0.354594777192E-01  0.333842261839E-01
  0.313996194544E-01  0.295036442021E-01  0.276942242967E-01  0.259692269252E-01
  0.243264686956E-01  0.227637217192E-01  0.212787196607E-01  0.198691637496E-01
  0.185327287401E-01  0.172670688098E-01  0.160698233851E-01  0.149386228777E-01
  0.138710943208E-01  0.128648668868E-01  0.119175772723E-01  0.110268749319E-01
  0.101904271461E-01  0.940592390330E-02  0.867108258125E-02  0.798365240966E-02
  0.734141869927E-02  0.674220682174E-02  0.618388592693E-02  0.566437238528E-02
  0.518163294478E-02  0.473368759364E-02  0.431861212205E-02  0.393454037825E-02
  0.357966621639E-02  0.325224513592E-02  0.295059561412E-02  0.267310013603E-02
  0.241820592751E-02  0.218442539964E-02  0.197033631418E-02  0.177458168153E-02
  0.159586940445E-02  0.143297168159E-02  0.128472418655E-02  0.115002503882E-02
  0.102783358379E-02  0.917168999508E-03  0.817108748256E-03  0.726786891141E-03
  0.645392283827E-03  0.572166671361E-03  0.506402699667E-03  0.447441860767E-03
  0.394672388164E-03  0.347527118038E-03  0.305481331100E-03  0.268050588982E-03
  0.234788578091E-03  0.205284972772E-03  0.179163328601E-03  0.156079015517E-03
  0.135717199423E-03  0.117790879790E-03  0.102038989770E-03  0.882245642584E-04
  0.761329803713E-04  0.655702738612E-04  0.563615340930E-04  0.483493793707E-04
  0.413925136314E-04  0.353643648136E-04  0.301518045601E-04  0.256539483413E-04
  0.217810345707E-04  0.184533808374E-04  0.156004149982E-04  0.131597785487E-04
  0.110764994278E-04  0.930223120155E-05  0.779455541252E-05  0.651634377048E-05
  0.543517679266E-05  0.452281547226E-05  0.375472256092E-05  0.310963008816E-05
  0.256914980467E-05  0.211742332373E-05  0.174080884165E-05  0.142760143992E-05
  0.116778410695E-05  0.952806761017E-06  0.775390706928E-06  0.629356113846E-06
  0.509470258265E-06  0.411314432914E-06  0.331167577019E-06  0.265904834888E-06
  0.212909396661E-06  0.169996116452E-06  0.135345538163E-06  0.107447087282E-06
  0.850503077399E-07  0.671231359132E-07  0.528163091684E-07  0.414331038095E-07
  0.324036870802E-07  0.252634501230E-07  0.196347637776E-07  0.152116671089E-07
  0.117470599607E-07  0.904202591730E-08  0.693696139138E-08  0.530423144867E-08
  0.404210600772E-08  0.306978285185E-08  0.232329499754E-08  0.175218123039E-08
  0.131677784322E-08  0.986019334469E-09  0.735661716527E-09  0.546853264936E-09
  0.404989034106E-09  0.298796248326E-09  0.219606809210E-09  0.160780862216E-09
  0.117251831683E-09  0.851687405097E-10  0.616161311916E-10  0.443956349834E-10
  0.318563137087E-10  0.227634269983E-10  0.161973453446E-10  0.114760126050E-10
  0.809572569955E-11  0.568609967710E-11  0.397596993174E-11  0.276768955963E-11
  0.191784161289E-11  0.132283076042E-11  0.908169291108E-12  0.620547166294E-12
  0.421990227734E-12  0.285577136603E-12  0.192314230250E-12  0.128866347901E-12
  0.859172889065E-13  0.569911002236E-13  0.376089400053E-13  0.246890575732E-13
  0.161219932882E-13  0.104714022145E-13  0.676446637725E-14  0.434585451993E-14
  0.277651316986E-14  0.176391152530E-14  0.111423186779E-14  0.699785426955E-15
  0.436931328273E-15  0.271199248804E-15  0.167324068961E-15  0.102610124305E-15
  0.625389641095E-16  0.378796728472E-16  0.227993671641E-16  0.136353391459E-16
  0.810215939839E-17  0.478290744693E-17  0.280481195530E-17  0.163380369806E-17
  0.945243431657E-18  0.543122737818E-18  0.309902594004E-18  0.175584938836E-18
  0.987746649739E-19  0.551646760636E-19  0.305839965641E-19  0.168308098473E-19
  0.919290676096E-20  0.498306672116E-20  0.268037140917E-20  0.143055835220E-20
  0.757505640708E-21  0.397917177975E-21  0.207339626912E-21  0.107154516014E-21
  0.549202318295E-22  0.279127464250E-22  0.140661466366E-22  0.702754327602E-23
  0.348049170445E-23  0.170859305365E-23  0.831283765494E-24  0.400796250973E-24
  0.191475023646E-24  0.906284511055E-25  0.424942441086E-25  0.197359175199E-25
  0.907808163422E-26  0.413511529290E-26  0.186502431506E-26  0.832780588431E-27
  0.368104483199E-27  0.161046222516E-27  0.697288819960E-28  0.298745020085E-28
  0.126635896279E-28  0.531034578581E-29  0.220261955515E-29  0.903539294235E-30
  0.366509175334E-30  0.146991266220E-30  0.582780381881E-31  0.228382109732E-31
  0.884502883785E-32  0.338494708135E-32  0.127983679829E-32  0.478014611725E-33
  0.176337455479E-33  0.642387204632E-34  0.231062432543E-34  0.820488134935E-35
  0.287577726075E-35  0.994733481096E-36  0.339511462502E-36  0.114320760843E-36
  0.379703448603E-37  0.124376294696E-37  0.401724422852E-38  0.127920263666E-38
  0.401506801238E-39  0.124196650626E-39  0.378538659179E-40  0.113661377701E-40
  0.336152096549E-41  0.979029621197E-42  0.280742878861E-42  0.792481834969E-43
  0.220166475964E-43  0.601875874114E-44  0.161870609263E-44  0.428198084365E-45
  0.111390021184E-45  0.284892323745E-46  0.716234090779E-47  0.176959841000E-47
  0.429580405165E-48  0.102439521652E-48  0.239908736295E-49  0.551671957572E-50
  0.124529349746E-50  0.275877885505E-51  0.599671679954E-52  0.127866719136E-52
  0.267388914078E-53  0.548232057048E-54  0.110182483922E-54  0.217009337074E-55
  0.418746610172E-56  0.791442121490E-57  0.146476712409E-57  0.265390154278E-58
  0.470599750080E-59  0.816491587084E-60  0.138568966519E-60  0.229971570153E-61
  0.373125213716E-62  0.591676109102E-63  0.916723308228E-64  0.138736635002E-64
  0.205029592171E-65  0.295779551274E-66  0.416518167000E-67  0.573378894476E-68
  0.769869283707E-69  0.100791419448E-69  0.128624423219E-70
 Pseudo-wave-function follows (l, zelect, rc)
  0    1.00000000000       0.494106551615    
  0.535451816677E-04  0.107763878074E-03  0.162664560215E-03  0.218255805587E-03
  0.274546299530E-03  0.331544836578E-03  0.389260321830E-03  0.447701772338E-03
  0.506878318514E-03  0.566799205554E-03  0.627473794872E-03  0.688911565569E-03
  0.751122115901E-03  0.814115164779E-03  0.877900553283E-03  0.942488246193E-03
  0.100788833354E-02  0.107411103219E-02  0.114116668741E-02  0.120906577450E-02
  0.127781890041E-02  0.134743680543E-02  0.141793036478E-02  0.148931059040E-02
  0.156158863259E-02  0.163477578178E-02  0.170888347027E-02  0.178392327404E-02
  0.185990691451E-02  0.193684626037E-02  0.201475332947E-02  0.209364029062E-02
  0.217351946554E-02  0.225440333075E-02  0.233630451949E-02  0.241923582374E-02
  0.250321019614E-02  0.258824075205E-02  0.267434077157E-02  0.276152370160E-02
  0.284980315793E-02  0.293919292736E-02  0.302970696982E-02  0.312135942058E-02
  0.321416459237E-02  0.330813697769E-02  0.340329125098E-02  0.349964227094E-02
  0.359720508281E-02  0.369599492072E-02  0.379602721003E-02  0.389731756976E-02
  0.399988181494E-02  0.410373595913E-02  0.420889621685E-02  0.431537900611E-02
  0.442320095095E-02  0.453237888401E-02  0.464292984911E-02  0.475487110394E-02
  0.486822012266E-02  0.498299459863E-02  0.509921244718E-02  0.521689180829E-02
  0.533605104947E-02  0.545670876855E-02  0.557888379656E-02  0.570259520064E-02
  0.582786228696E-02  0.595470460371E-02  0.608314194410E-02  0.621319434943E-02
  0.634488211213E-02  0.647822577891E-02  0.661324615394E-02  0.674996430199E-02
  0.688840155171E-02  0.702857949889E-02  0.717052000977E-02  0.731424522440E-02
  0.745977756002E-02  0.760713971453E-02  0.775635466993E-02  0.790744569582E-02
  0.806043635302E-02  0.821535049714E-02  0.837221228219E-02  0.853104616433E-02
  0.869187690555E-02  0.885472957749E-02  0.901962956521E-02  0.918660257110E-02
  0.935567461877E-02  0.952687205699E-02  0.970022156375E-02  0.987575015024E-02
  0.100534851650E-01  0.102334542980E-01  0.104156855850E-01  0.106002074115E-01
  0.107870485173E-01  0.109762380008E-01  0.111678053232E-01  0.113617803133E-01
  0.115581931714E-01  0.117570744746E-01  0.119584551808E-01  0.121623666337E-01
  0.123688405671E-01  0.125779091102E-01  0.127896047920E-01  0.130039605463E-01
  0.132210097166E-01  0.134407860612E-01  0.136633237578E-01  0.138886574092E-01
  0.141168220481E-01  0.143478531421E-01  0.145817865993E-01  0.148186587737E-01
  0.150585064700E-01  0.153013669496E-01  0.155472779359E-01  0.157962776197E-01
  0.160484046649E-01  0.163036982144E-01  0.165621978954E-01  0.168239438255E-01
  0.170889766184E-01  0.173573373898E-01  0.176290677636E-01  0.179042098774E-01
  0.181828063893E-01  0.184649004835E-01  0.187505358768E-01  0.190397568245E-01
  0.193326081274E-01  0.196291351376E-01  0.199293837652E-01  0.202334004849E-01
  0.205412323424E-01  0.208529269611E-01  0.211685325492E-01  0.214880979057E-01
  0.218116724281E-01  0.221393061187E-01  0.224710495917E-01  0.228069540806E-01
  0.231470714448E-01  0.234914541769E-01  0.238401554101E-01  0.241932289254E-01
  0.245507291588E-01  0.249127112088E-01  0.252792308441E-01  0.256503445106E-01
  0.260261093394E-01  0.264065831544E-01  0.267918244800E-01  0.271818925485E-01
  0.275768473085E-01  0.279767494323E-01  0.283816603243E-01  0.287916421283E-01
  0.292067577362E-01  0.296270707958E-01  0.300526457189E-01  0.304835476895E-01
  0.309198426724E-01  0.313615974207E-01  0.318088794851E-01  0.322617572213E-01
  0.327202997993E-01  0.331845772111E-01  0.336546602799E-01  0.341306206679E-01
  0.346125308854E-01  0.351004642993E-01  0.355944951415E-01  0.360946985176E-01
  0.366011504159E-01  0.371139277154E-01  0.376331081955E-01  0.381587705437E-01
  0.386909943648E-01  0.392298601899E-01  0.397754494846E-01  0.403278446578E-01
  0.408871290711E-01  0.414533870465E-01  0.420267038758E-01  0.426071658292E-01
  0.431948601636E-01  0.437898751316E-01  0.443922999898E-01  0.450022250077E-01
  0.456197414757E-01  0.462449417141E-01  0.468779190808E-01  0.475187679804E-01
  0.481675838716E-01  0.488244632760E-01  0.494895037858E-01  0.501628040719E-01
  0.508444638917E-01  0.515345840966E-01  0.522332666399E-01  0.529406145841E-01
  0.536567321083E-01  0.543817245150E-01  0.551156982375E-01  0.558587608465E-01
  0.566110210564E-01  0.573725887321E-01  0.581435748949E-01  0.589240917283E-01
  0.597142525840E-01  0.605141719870E-01  0.613239656405E-01  0.621437504312E-01
  0.629736444334E-01  0.638137669132E-01  0.646642383322E-01  0.655251803511E-01
  0.663967158326E-01  0.672789688437E-01  0.681720646585E-01  0.690761297590E-01
  0.699912918369E-01  0.709176797943E-01  0.718554237435E-01  0.728046550065E-01
  0.737655061145E-01  0.747381108057E-01  0.757226040234E-01  0.767191219127E-01
  0.777278018171E-01  0.787487822737E-01  0.797822030083E-01  0.808282049292E-01
  0.818869301201E-01  0.829585218329E-01  0.840431244781E-01  0.851408836157E-01
  0.862519459444E-01  0.873764592894E-01  0.885145725899E-01  0.896664358848E-01
  0.908322002974E-01  0.920120180189E-01  0.932060422906E-01  0.944144273845E-01
  0.956373285827E-01  0.968749021553E-01  0.981273053365E-01  0.993946962996E-01
  0.100677234130      0.101975078795      0.103288391118      0.104617332738    
  0.105962066084      0.107322754332      0.108699561370      0.110092651758    
  0.111502190681      0.112928343906      0.114371277738      0.115831158962    
  0.117308154797      0.118802432838      0.120314160996      0.121843507440    
  0.123390640530      0.124955728750      0.126538940640      0.128140444719    
  0.129760409410      0.131399002957      0.133056393344      0.134732748204    
  0.136428234725      0.138143019562      0.139877268726      0.141631147491    
  0.143404820275      0.145198450535      0.147012200645      0.148846231775    
  0.150700703765      0.152575774992      0.154471602231      0.156388340517    
  0.158326142997      0.160285160774      0.162265542752      0.164267435472    
  0.166290982943      0.168336326467      0.170403604456      0.172492952252    
  0.174604501926      0.176738382087      0.178894717675      0.181073629752    
  0.183275235283      0.185499646918      0.187746972761      0.190017316138    
  0.192310775357      0.194627443461      0.196967407981      0.199330750675    
  0.201717547270      0.204127867196      0.206561773309      0.209019321625    
  0.211500561029      0.214005533003      0.216534271329      0.219086801806    
  0.221663141957      0.224263300732      0.226887278217      0.229535065340    
  0.232206643572      0.234901984639      0.237621050228      0.240363791703    
  0.243130149818      0.245920054444      0.248733424297      0.251570166675    
  0.254430177210      0.257313339622      0.260219525497      0.263148594072    
  0.266100392038      0.269074753366      0.272071499149      0.275090437471    
  0.278131363299      0.281194058401      0.284278291301      0.287383817262    
  0.290510378304      0.293657703264      0.296825507891      0.300013494997    
  0.303221354640      0.306448764367      0.309695389507      0.312960883519    
  0.316244888397      0.319547035138      0.322866944271      0.326204226456    
  0.329558483143      0.332929307310      0.336316284259      0.339718992498    
  0.343137004683      0.346569888639      0.350017208451      0.353478525620    
  0.356953400295      0.360441392562      0.363942063795      0.367454978065    
  0.370979703590      0.374515814234      0.378062891027      0.381620523712    
  0.385188312297      0.388765868595      0.392352817743      0.395948799683    
  0.399553470567      0.403166504090      0.406787592703      0.410416448688    
  0.414052805074      0.417696416342      0.421347058905      0.425004531324    
  0.428668654211      0.432339269796      0.436016241114      0.439699450768    
  0.443388799243      0.447084202715      0.450785590342      0.454492900985    
  0.458206079351      0.461925071527      0.465649819896      0.469380257439    
  0.473116301426      0.476857846530      0.480604757410      0.484356860821    
  0.488113937349      0.491875712882      0.495641849971      0.499411939257    
  0.503185491175      0.506961928207      0.510740577947      0.514520667331    
  0.518301318381      0.522081545844      0.525860257147      0.529636255049    
  0.533408243391      0.537174836248      0.540934570729      0.544685923478    
  0.548427330723      0.552157211387      0.555873992308      0.559576134027    
  0.563262154769      0.566930649215      0.570580297247      0.574209856143    
  0.577818128259      0.581403915944      0.584966005148      0.588503164943    
  0.592014147763      0.595497689659      0.598952510577      0.602377314645    
  0.605770790501      0.609131611622      0.612458436685      0.615749909950    
  0.619004661663      0.622221308479      0.625398453914      0.628534688819    
  0.631628591870      0.634678730095      0.637683659416      0.640641925217    
  0.643552062939      0.646412598703      0.649222049949      0.651978926111    
  0.654681729310      0.657328955081      0.659919093117      0.662450628043    
  0.664922040223      0.667331806583      0.669678401464      0.671960297509    
  0.674175966560      0.676323880604      0.678402512720      0.680410338078    
  0.682345834940      0.684207485708      0.685993777984      0.687703205660    
  0.689334270034      0.690885480954      0.692355357978      0.693742431568    
  0.695045244304      0.696262352119      0.697392325563      0.698433751085    
  0.699385232338      0.700245391508      0.701012870661      0.701686333115    
  0.702264464820      0.702745975775      0.703129601446      0.703414104211    
  0.703598274819      0.703680933863      0.703660933269      0.703537157802    
  0.703308526572      0.702973994568      0.702532554193      0.701983236805    
  0.701325114272      0.700557300533      0.699678953159      0.698689274922    
  0.697587515362      0.696372972359      0.695044993699      0.693602978641    
  0.692046379473      0.690374703066      0.688587512415      0.686684428175    
  0.684665130172      0.682529358910      0.680276917050      0.677907670871    
  0.675421551707      0.672818557354      0.670098753453      0.667262274824    
  0.664309326784      0.661240186402      0.658055203723      0.654754802937    
  0.651339483494      0.647809821161      0.644166469021      0.640410158393    
  0.636541699688      0.632561983186      0.628471979722      0.624272741290    
  0.619965401548      0.615551176222      0.611031363402      0.606407343730    
  0.601680580459      0.596852619396      0.591925088710      0.586899698601    
  0.581778240835      0.576562588122      0.571254693345      0.565856588641    
  0.560370384304      0.554798267545      0.549142501066      0.543405421485    
  0.537589437575      0.531697028348      0.525730740951      0.519693188422    
  0.513587047261      0.507415054855      0.501180006737      0.494884753706    
  0.488532198801      0.482125294144      0.475667037661      0.469160469694    
  0.462608669505      0.456014751700      0.449381862576      0.442713176406    
  0.436011891684      0.429281227329      0.422524418889      0.415744714732    
  0.408945372257      0.402129654145      0.395300824643      0.388462145917    
  0.381616874478      0.374768257695      0.367919530408      0.361073911654    
  0.354234601502      0.347404778034      0.340587594439      0.333786176264    
  0.327003618795      0.320242984585      0.313507301123      0.306799558647    
  0.300122708082      0.293479659121      0.286873278411      0.280306387861    
  0.273781763045      0.267302131693      0.260870172251      0.254488512505    
  0.248159728241      0.241886341936      0.235670821452      0.229515578732    
  0.223422968465      0.217395286724      0.211434769545      0.205543591450    
  0.199723863898      0.193977633653      0.188306881070      0.182713518294    
  0.177199387372      0.171766258278      0.166415826862      0.161149712736    
  0.155969457089      0.150876520476      0.145872280571      0.140958029916    
  0.136134973692      0.131404227517      0.126766815319      0.122223667284    
  0.117775617922      0.113423404271      0.109167664256      0.105008935240    
  0.100947652771      0.969841495642E-01  0.931186547264E-01  0.893512932408E-01
  0.856820857274E-01  0.821109484907E-01  0.786376938618E-01  0.752620308429E-01
  0.719835660549E-01  0.688018049923E-01  0.657161535798E-01  0.627259200293E-01
  0.598303169875E-01  0.570284639682E-01  0.543193900549E-01  0.517020368636E-01
  0.491752617486E-01  0.467378412371E-01  0.443884746736E-01  0.421257880566E-01
  0.399483380475E-01  0.378546161317E-01  0.358430529121E-01  0.339120225122E-01
  0.320598470707E-01  0.302848013033E-01  0.285851171136E-01  0.269589882314E-01
  0.254045748583E-01  0.239200083021E-01  0.225033955795E-01  0.211528239718E-01
  0.198663655134E-01  0.186420813993E-01  0.174780262954E-01  0.163722525368E-01
  0.153228142020E-01  0.143277710510E-01  0.133851923150E-01  0.124931603292E-01
  0.116497739997E-01  0.108531520967E-01  0.101014363675E-01  0.939279446461E-02
  0.872542268410E-02  0.809754851102E-02  0.750743297025E-02  0.695337278113E-02
  0.643370231589E-02  0.594679536257E-02  0.549106669395E-02  0.506497344495E-02
  0.466701630174E-02  0.429574050625E-02  0.394973668088E-02  0.362764147840E-02
  0.332813806295E-02  0.304995642814E-02  0.279187355922E-02  0.255271344616E-02
  0.233134695515E-02  0.212669156624E-02  0.193771098502E-02  0.176341463639E-02
  0.160285704877E-02  0.145513713694E-02  0.131939739195E-02  0.119482298635E-02
  0.108064080310E-02  0.976118396250E-03  0.880562891495E-03  0.793319834461E-03
  0.713771994405E-03  0.641338130756E-03  0.575471729701E-03  0.515659717704E-03
  0.461421158563E-03  0.412305940278E-03  0.367893457676E-03  0.327791296362E-03
  0.291633923248E-03  0.259081388490E-03  0.229818043346E-03  0.203551278038E-03
  0.180010283379E-03  0.158944839508E-03  0.140124134736E-03  0.123335617139E-03
  0.108383881222E-03  0.950895914405E-04  0.832884438335E-04  0.728301733385E-04
  0.635775753888E-04  0.554056355970E-04  0.482005832699E-04  0.418590751244E-04
  0.362874435427E-04  0.314009534474E-04  0.271230921346E-04  0.233849005564E-04
  0.201243451080E-04  0.172857288444E-04  0.148191409432E-04  0.126799431372E-04
  0.108282917593E-04  0.922869397957E-05  0.784959676338E-05  0.666300704154E-05
  0.564414156059E-05  0.477110486739E-05  0.402459388143E-05  0.338762751625E-05
  0.284529982945E-05  0.238455520665E-05  0.199398411818E-05  0.166363802735E-05
  0.138486207443E-05  0.115014421067E-05  0.952979510942E-06  0.787748450447E-06
  0.649607990328E-06  0.534394378178E-06  0.438536631081E-06  0.358979731153E-06
  0.293116625410E-06  0.238728183020E-06  0.193930323012E-06  0.157127583961E-06
  0.126972463797E-06  0.102329912285E-06  0.822464108175E-07  0.659231237064E-07
  0.526926520195E-07  0.419989651569E-07  0.333801267059E-07  0.264534696680E-07
  0.209029119275E-07  0.164681358848E-07  0.129353865674E-07  0.101296703615E-07
  0.790816187212E-08  0.615464943853E-08  0.477487064104E-08  0.369260785360E-08
  0.284643067587E-08  0.218698704764E-08  0.167475815138E-08  0.127820398026E-08
  0.972236821918E-09  0.736969011176E-09  0.556689260231E-09  0.419028797418E-09
  0.314284545664E-09  0.234871749401E-09  0.174882908594E-09  0.129733686612E-09
  0.958797038016E-10  0.705908823620E-10  0.517723348091E-10  0.378227458675E-10
  0.275228374399E-10  0.199478740249E-10  0.143993017491E-10  0.103515532253E-10
  0.741082340569E-11  0.528325499517E-11  0.375048869881E-11  0.265095318913E-11
  0.186560887843E-11  0.130713252261E-11  0.911748286148E-12  0.633085162662E-12
  0.437578907756E-12  0.301045816827E-12  0.206141473598E-12  0.140484686594E-12
  0.952790399086E-13  0.643049116684E-13  0.431859609784E-13  0.288579608547E-13
  0.191860645379E-13  0.126904091191E-13  0.835038900219E-14  0.546576176649E-14
  0.355859676779E-14  0.230442071759E-14  0.148412376847E-14  0.950547671092E-15
  0.605400549013E-15  0.383394744351E-15  0.241408666172E-15  0.151123303991E-15
  0.940481011279E-16  0.581803529698E-16  0.357748409539E-16  0.218635664365E-16
  0.132792244232E-16  0.801491410082E-17  0.480690022043E-17  0.286441932382E-17
  0.169581343118E-17  0.997364306231E-18  0.582676737879E-18  0.338113894735E-18
  0.194860019658E-18  0.111524243125E-18  0.633818047232E-19  0.357659827228E-19
  0.200376574930E-19  0.111443679836E-19  0.615255674869E-20  0.337137430740E-20
  0.183344730972E-20  0.989460460085E-21  0.529852404242E-21  0.281510889940E-21
  0.148380265562E-21  0.775807588089E-22  0.402331988042E-22  0.206929748407E-22
  0.105541611290E-22  0.533753773108E-23  0.267625866176E-23  0.133026436972E-23
  0.655424752128E-24  0.320062199544E-24  0.154890097785E-24  0.742747304857E-25
  0.352887681570E-25  0.166095968273E-25  0.774385877844E-26  0.357585108078E-26
  0.163520561644E-26  0.740428101598E-27  0.331937996171E-27  0.147312604327E-27
  0.647107388255E-28  0.281326274626E-28  0.121027765793E-28  0.515161188978E-29
  0.216933482825E-29  0.903600805246E-30  0.372249180772E-30  0.151648404897E-30
  0.610840859785E-31  0.243244376005E-31  0.957458453523E-32  0.372474365996E-32
  0.143188815163E-32  0.543857228057E-33  0.204088163069E-33  0.757219352147E-34
  0.277465736038E-34  0.100395132120E-34  0.358643204307E-35
