    #Energy        TDOS
    #TDOS obtained from EIGENVAL file
    -6.17824     0.01066
    -6.17324     0.01200
    -6.16824     0.01349
    -6.16324     0.01515
    -6.15824     0.01700
    -6.15324     0.01905
    -6.14824     0.02133
    -6.14324     0.02385
    -6.13824     0.02664
    -6.13324     0.02972
    -6.12824     0.03313
    -6.12324     0.03689
    -6.11824     0.04103
    -6.11324     0.04559
    -6.10824     0.05059
    -6.10324     0.05609
    -6.09824     0.06212
    -6.09324     0.06873
    -6.08824     0.07595
    -6.08324     0.08385
    -6.07824     0.09247
    -6.07324     0.10187
    -6.06824     0.11211
    -6.06324     0.12325
    -6.05824     0.13535
    -6.05324     0.14848
    -6.04824     0.16271
    -6.04324     0.17813
    -6.03824     0.19480
    -6.03324     0.21281
    -6.02824     0.23224
    -6.02324     0.25319
    -6.01824     0.27574
    -6.01324     0.29999
    -6.00824     0.32604
    -6.00324     0.35399
    -5.99824     0.38394
    -5.99324     0.41600
    -5.98824     0.45028
    -5.98324     0.48690
    -5.97824     0.52596
    -5.97324     0.56758
    -5.96824     0.61189
    -5.96324     0.65900
    -5.95824     0.70903
    -5.95324     0.76210
    -5.94824     0.81834
    -5.94324     0.87787
    -5.93824     0.94082
    -5.93324     1.00730
    -5.92824     1.07744
    -5.92324     1.15135
    -5.91824     1.22916
    -5.91324     1.31099
    -5.90824     1.39695
    -5.90324     1.48714
    -5.89824     1.58169
    -5.89324     1.68070
    -5.88824     1.78426
    -5.88324     1.89249
    -5.87824     2.00546
    -5.87324     2.12328
    -5.86824     2.24602
    -5.86324     2.37376
    -5.85824     2.50659
    -5.85324     2.64456
    -5.84824     2.78774
    -5.84324     2.93620
    -5.83824     3.08997
    -5.83324     3.24911
    -5.82824     3.41367
    -5.82324     3.58366
    -5.81824     3.75913
    -5.81324     3.94010
    -5.80824     4.12659
    -5.80324     4.31862
    -5.79824     4.51619
    -5.79324     4.71932
    -5.78824     4.92802
    -5.78324     5.14228
    -5.77824     5.36211
    -5.77324     5.58750
    -5.76824     5.81845
    -5.76324     6.05496
    -5.75824     6.29703
    -5.75324     6.54465
    -5.74824     6.79783
    -5.74324     7.05655
    -5.73824     7.32084
    -5.73324     7.59069
    -5.72824     7.86611
    -5.72324     8.14713
    -5.71824     8.43375
    -5.71324     8.72600
    -5.70824     9.02391
    -5.70324     9.32751
    -5.69824     9.63685
    -5.69324     9.95196
    -5.68824    10.27290
    -5.68324    10.59973
    -5.67824    10.93250
    -5.67324    11.27128
    -5.66824    11.61614
    -5.66324    11.96715
    -5.65824    12.32439
    -5.65324    12.68793
    -5.64824    13.05786
    -5.64324    13.43424
    -5.63824    13.81716
    -5.63324    14.20669
    -5.62824    14.60290
    -5.62324    15.00584
    -5.61824    15.41557
    -5.61324    15.83213
    -5.60824    16.25556
    -5.60324    16.68587
    -5.59824    17.12306
    -5.59324    17.56712
    -5.58824    18.01801
    -5.58324    18.47568
    -5.57824    18.94004
    -5.57324    19.41097
    -5.56824    19.88835
    -5.56324    20.37200
    -5.55824    20.86173
    -5.55324    21.35729
    -5.54824    21.85842
    -5.54324    22.36481
    -5.53824    22.87611
    -5.53324    23.39194
    -5.52824    23.91187
    -5.52324    24.43543
    -5.51824    24.96210
    -5.51324    25.49135
    -5.50824    26.02256
    -5.50324    26.55511
    -5.49824    27.08832
    -5.49324    27.62146
    -5.48824    28.15379
    -5.48324    28.68450
    -5.47824    29.21277
    -5.47324    29.73774
    -5.46824    30.25850
    -5.46324    30.77414
    -5.45824    31.28371
    -5.45324    31.78625
    -5.44824    32.28077
    -5.44324    32.76626
    -5.43824    33.24172
    -5.43324    33.70614
    -5.42824    34.15851
    -5.42324    34.59781
    -5.41824    35.02304
    -5.41324    35.43323
    -5.40824    35.82740
    -5.40324    36.20461
    -5.39824    36.56396
    -5.39324    36.90458
    -5.38824    37.22562
    -5.38324    37.52631
    -5.37824    37.80590
    -5.37324    38.06371
    -5.36824    38.29914
    -5.36324    38.51161
    -5.35824    38.70065
    -5.35324    38.86583
    -5.34824    39.00683
    -5.34324    39.12338
    -5.33824    39.21531
    -5.33324    39.28252
    -5.32824    39.32501
    -5.32324    39.34287
    -5.31824    39.33625
    -5.31324    39.30543
    -5.30824    39.25075
    -5.30324    39.17265
    -5.29824    39.07165
    -5.29324    38.94837
    -5.28824    38.80350
    -5.28324    38.63782
    -5.27824    38.45219
    -5.27324    38.24754
    -5.26824    38.02488
    -5.26324    37.78526
    -5.25824    37.52984
    -5.25324    37.25979
    -5.24824    36.97637
    -5.24324    36.68086
    -5.23824    36.37459
    -5.23324    36.05894
    -5.22824    35.73529
    -5.22324    35.40506
    -5.21824    35.06969
    -5.21324    34.73061
    -5.20824    34.38927
    -5.20324    34.04710
    -5.19824    33.70554
    -5.19324    33.36598
    -5.18824    33.02982
    -5.18324    32.69841
    -5.17824    32.37307
    -5.17324    32.05508
    -5.16824    31.74566
    -5.16324    31.44599
    -5.15824    31.15719
    -5.15324    30.88032
    -5.14824    30.61637
    -5.14324    30.36625
    -5.13824    30.13083
    -5.13324    29.91087
    -5.12824    29.70707
    -5.12324    29.52004
    -5.11824    29.35031
    -5.11324    29.19834
    -5.10824    29.06449
    -5.10324    28.94904
    -5.09824    28.85219
    -5.09324    28.77406
    -5.08824    28.71468
    -5.08324    28.67402
    -5.07824    28.65194
    -5.07324    28.64824
    -5.06824    28.66266
    -5.06324    28.69486
    -5.05824    28.74441
    -5.05324    28.81085
    -5.04824    28.89365
    -5.04324    28.99222
    -5.03824    29.10591
    -5.03324    29.23404
    -5.02824    29.37588
    -5.02324    29.53066
    -5.01824    29.69757
    -5.01324    29.87580
    -5.00824    30.06449
    -5.00324    30.26276
    -4.99824    30.46973
    -4.99324    30.68451
    -4.98824    30.90619
    -4.98324    31.13389
    -4.97824    31.36671
    -4.97324    31.60376
    -4.96824    31.84419
    -4.96324    32.08713
    -4.95824    32.33176
    -4.95324    32.57728
    -4.94824    32.82291
    -4.94324    33.06792
    -4.93824    33.31159
    -4.93324    33.55326
    -4.92824    33.79230
    -4.92324    34.02812
    -4.91824    34.26019
    -4.91324    34.48800
    -4.90824    34.71112
    -4.90324    34.92914
    -4.89824    35.14170
    -4.89324    35.34850
    -4.88824    35.54930
    -4.88324    35.74387
    -4.87824    35.93206
    -4.87324    36.11376
    -4.86824    36.28889
    -4.86324    36.45744
    -4.85824    36.61942
    -4.85324    36.77489
    -4.84824    36.92395
    -4.84324    37.06672
    -4.83824    37.20336
    -4.83324    37.33408
    -4.82824    37.45909
    -4.82324    37.57864
    -4.81824    37.69299
    -4.81324    37.80242
    -4.80824    37.90724
    -4.80324    38.00776
    -4.79824    38.10429
    -4.79324    38.19716
    -4.78824    38.28669
    -4.78324    38.37321
    -4.77824    38.45704
    -4.77324    38.53850
    -4.76824    38.61788
    -4.76324    38.69550
    -4.75824    38.77161
    -4.75324    38.84649
    -4.74824    38.92039
    -4.74324    38.99353
    -4.73824    39.06611
    -4.73324    39.13833
    -4.72824    39.21033
    -4.72324    39.28227
    -4.71824    39.35424
    -4.71324    39.42635
    -4.70824    39.49864
    -4.70324    39.57117
    -4.69824    39.64396
    -4.69324    39.71699
    -4.68824    39.79024
    -4.68324    39.86366
    -4.67824    39.93719
    -4.67324    40.01074
    -4.66824    40.08421
    -4.66324    40.15750
    -4.65824    40.23047
    -4.65324    40.30299
    -4.64824    40.37492
    -4.64324    40.44610
    -4.63824    40.51638
    -4.63324    40.58561
    -4.62824    40.65363
    -4.62324    40.72029
    -4.61824    40.78544
    -4.61324    40.84893
    -4.60824    40.91063
    -4.60324    40.97042
    -4.59824    41.02817
    -4.59324    41.08379
    -4.58824    41.13718
    -4.58324    41.18827
    -4.57824    41.23700
    -4.57324    41.28332
    -4.56824    41.32721
    -4.56324    41.36866
    -4.55824    41.40766
    -4.55324    41.44425
    -4.54824    41.47845
    -4.54324    41.51033
    -4.53824    41.53995
    -4.53324    41.56739
    -4.52824    41.59275
    -4.52324    41.61613
    -4.51824    41.63766
    -4.51324    41.65745
    -4.50824    41.67565
    -4.50324    41.69240
    -4.49824    41.70783
    -4.49324    41.72210
    -4.48824    41.73535
    -4.48324    41.74773
    -4.47824    41.75938
    -4.47324    41.77044
    -4.46824    41.78103
    -4.46324    41.79129
    -4.45824    41.80131
    -4.45324    41.81120
    -4.44824    41.82105
    -4.44324    41.83091
    -4.43824    41.84085
    -4.43324    41.85089
    -4.42824    41.86105
    -4.42324    41.87133
    -4.41824    41.88169
    -4.41324    41.89208
    -4.40824    41.90244
    -4.40324    41.91267
    -4.39824    41.92264
    -4.39324    41.93224
    -4.38824    41.94128
    -4.38324    41.94958
    -4.37824    41.95694
    -4.37324    41.96314
    -4.36824    41.96792
    -4.36324    41.97103
    -4.35824    41.97218
    -4.35324    41.97107
    -4.34824    41.96740
    -4.34324    41.96084
    -4.33824    41.95107
    -4.33324    41.93774
    -4.32824    41.92051
    -4.32324    41.89902
    -4.31824    41.87295
    -4.31324    41.84192
    -4.30824    41.80562
    -4.30324    41.76369
    -4.29824    41.71582
    -4.29324    41.66170
    -4.28824    41.60102
    -4.28324    41.53352
    -4.27824    41.45892
    -4.27324    41.37701
    -4.26824    41.28756
    -4.26324    41.19041
    -4.25824    41.08539
    -4.25324    40.97240
    -4.24824    40.85136
    -4.24324    40.72222
    -4.23824    40.58497
    -4.23324    40.43967
    -4.22824    40.28638
    -4.22324    40.12522
    -4.21824    39.95638
    -4.21324    39.78007
    -4.20824    39.59654
    -4.20324    39.40611
    -4.19824    39.20913
    -4.19324    39.00602
    -4.18824    38.79722
    -4.18324    38.58323
    -4.17824    38.36461
    -4.17324    38.14194
    -4.16824    37.91586
    -4.16324    37.68705
    -4.15824    37.45624
    -4.15324    37.22418
    -4.14824    36.99167
    -4.14324    36.75955
    -4.13824    36.52867
    -4.13324    36.29995
    -4.12824    36.07429
    -4.12324    35.85264
    -4.11824    35.63596
    -4.11324    35.42525
    -4.10824    35.22148
    -4.10324    35.02566
    -4.09824    34.83880
    -4.09324    34.66190
    -4.08824    34.49598
    -4.08324    34.34202
    -4.07824    34.20101
    -4.07324    34.07392
    -4.06824    33.96170
    -4.06324    33.86528
    -4.05824    33.78555
    -4.05324    33.72338
    -4.04824    33.67960
    -4.04324    33.65499
    -4.03824    33.65031
    -4.03324    33.66625
    -4.02824    33.70346
    -4.02324    33.76254
    -4.01824    33.84403
    -4.01324    33.94842
    -4.00824    34.07612
    -4.00324    34.22749
    -3.99824    34.40283
    -3.99324    34.60238
    -3.98824    34.82629
    -3.98324    35.07466
    -3.97824    35.34752
    -3.97324    35.64483
    -3.96824    35.96649
    -3.96324    36.31231
    -3.95824    36.68207
    -3.95324    37.07545
    -3.94824    37.49209
    -3.94324    37.93155
    -3.93824    38.39336
    -3.93324    38.87696
    -3.92824    39.38175
    -3.92324    39.90709
    -3.91824    40.45227
    -3.91324    41.01655
    -3.90824    41.59914
    -3.90324    42.19922
    -3.89824    42.81593
    -3.89324    43.44839
    -3.88824    44.09567
    -3.88324    44.75685
    -3.87824    45.43097
    -3.87324    46.11706
    -3.86824    46.81414
    -3.86324    47.52124
    -3.85824    48.23736
    -3.85324    48.96151
    -3.84824    49.69273
    -3.84324    50.43003
    -3.83824    51.17246
    -3.83324    51.91907
    -3.82824    52.66894
    -3.82324    53.42116
    -3.81824    54.17483
    -3.81324    54.92911
    -3.80824    55.68315
    -3.80324    56.43616
    -3.79824    57.18734
    -3.79324    57.93596
    -3.78824    58.68130
    -3.78324    59.42266
    -3.77824    60.15940
    -3.77324    60.89088
    -3.76824    61.61653
    -3.76324    62.33576
    -3.75824    63.04804
    -3.75324    63.75287
    -3.74824    64.44976
    -3.74324    65.13826
    -3.73824    65.81793
    -3.73324    66.48837
    -3.72824    67.14918
    -3.72324    67.79999
    -3.71824    68.44043
    -3.71324    69.07018
    -3.70824    69.68890
    -3.70324    70.29627
    -3.69824    70.89198
    -3.69324    71.47572
    -3.68824    72.04721
    -3.68324    72.60615
    -3.67824    73.15224
    -3.67324    73.68520
    -3.66824    74.20473
    -3.66324    74.71056
    -3.65824    75.20240
    -3.65324    75.67994
    -3.64824    76.14291
    -3.64324    76.59101
    -3.63824    77.02394
    -3.63324    77.44142
    -3.62824    77.84314
    -3.62324    78.22883
    -3.61824    78.59818
    -3.61324    78.95092
    -3.60824    79.28676
    -3.60324    79.60544
    -3.59824    79.90668
    -3.59324    80.19023
    -3.58824    80.45586
    -3.58324    80.70334
    -3.57824    80.93246
    -3.57324    81.14302
    -3.56824    81.33487
    -3.56324    81.50785
    -3.55824    81.66184
    -3.55324    81.79676
    -3.54824    81.91253
    -3.54324    82.00914
    -3.53824    82.08657
    -3.53324    82.14486
    -3.52824    82.18408
    -3.52324    82.20434
    -3.51824    82.20578
    -3.51324    82.18859
    -3.50824    82.15298
    -3.50324    82.09922
    -3.49824    82.02760
    -3.49324    81.93846
    -3.48824    81.83216
    -3.48324    81.70913
    -3.47824    81.56981
    -3.47324    81.41467
    -3.46824    81.24423
    -3.46324    81.05904
    -3.45824    80.85966
    -3.45324    80.64669
    -3.44824    80.42076
    -3.44324    80.18250
    -3.43824    79.93259
    -3.43324    79.67170
    -3.42824    79.40052
    -3.42324    79.11976
    -3.41824    78.83011
    -3.41324    78.53229
    -3.40824    78.22702
    -3.40324    77.91499
    -3.39824    77.59692
    -3.39324    77.27349
    -3.38824    76.94539
    -3.38324    76.61328
    -3.37824    76.27782
    -3.37324    75.93962
    -3.36824    75.59929
    -3.36324    75.25742
    -3.35824    74.91455
    -3.35324    74.57120
    -3.34824    74.22787
    -3.34324    73.88501
    -3.33824    73.54305
    -3.33324    73.20236
    -3.32824    72.86330
    -3.32324    72.52619
    -3.31824    72.19129
    -3.31324    71.85885
    -3.30824    71.52905
    -3.30324    71.20205
    -3.29824    70.87798
    -3.29324    70.55692
    -3.28824    70.23891
    -3.28324    69.92394
    -3.27824    69.61201
    -3.27324    69.30303
    -3.26824    68.99691
    -3.26324    68.69353
    -3.25824    68.39270
    -3.25324    68.09425
    -3.24824    67.79794
    -3.24324    67.50353
    -3.23824    67.21073
    -3.23324    66.91926
    -3.22824    66.62879
    -3.22324    66.33897
    -3.21824    66.04943
    -3.21324    65.75981
    -3.20824    65.46969
    -3.20324    65.17868
    -3.19824    64.88634
    -3.19324    64.59223
    -3.18824    64.29592
    -3.18324    63.99694
    -3.17824    63.69484
    -3.17324    63.38916
    -3.16824    63.07941
    -3.16324    62.76513
    -3.15824    62.44585
    -3.15324    62.12109
    -3.14824    61.79039
    -3.14324    61.45328
    -3.13824    61.10930
    -3.13324    60.75800
    -3.12824    60.39893
    -3.12324    60.03165
    -3.11824    59.65575
    -3.11324    59.27081
    -3.10824    58.87644
    -3.10324    58.47226
    -3.09824    58.05790
    -3.09324    57.63303
    -3.08824    57.19731
    -3.08324    56.75047
    -3.07824    56.29221
    -3.07324    55.82229
    -3.06824    55.34050
    -3.06324    54.84664
    -3.05824    54.34056
    -3.05324    53.82213
    -3.04824    53.29125
    -3.04324    52.74787
    -3.03824    52.19197
    -3.03324    51.62356
    -3.02824    51.04271
    -3.02324    50.44952
    -3.01824    49.84411
    -3.01324    49.22667
    -3.00824    48.59742
    -3.00324    47.95662
    -2.99824    47.30459
    -2.99324    46.64166
    -2.98824    45.96824
    -2.98324    45.28474
    -2.97824    44.59165
    -2.97324    43.88947
    -2.96824    43.17875
    -2.96324    42.46008
    -2.95824    41.73409
    -2.95324    41.00142
    -2.94824    40.26277
    -2.94324    39.51884
    -2.93824    38.77038
    -2.93324    38.01814
    -2.92824    37.26292
    -2.92324    36.50551
    -2.91824    35.74673
    -2.91324    34.98740
    -2.90824    34.22835
    -2.90324    33.47041
    -2.89824    32.71442
    -2.89324    31.96121
    -2.88824    31.21160
    -2.88324    30.46640
    -2.87824    29.72641
    -2.87324    28.99240
    -2.86824    28.26515
    -2.86324    27.54537
    -2.85824    26.83377
    -2.85324    26.13102
    -2.84824    25.43778
    -2.84324    24.75463
    -2.83824    24.08216
    -2.83324    23.42088
    -2.82824    22.77128
    -2.82324    22.13381
    -2.81824    21.50886
    -2.81324    20.89678
    -2.80824    20.29789
    -2.80324    19.71245
    -2.79824    19.14066
    -2.79324    18.58271
    -2.78824    18.03871
    -2.78324    17.50874
    -2.77824    16.99285
    -2.77324    16.49103
    -2.76824    16.00323
    -2.76324    15.52938
    -2.75824    15.06935
    -2.75324    14.62298
    -2.74824    14.19011
    -2.74324    13.77050
    -2.73824    13.36393
    -2.73324    12.97012
    -2.72824    12.58880
    -2.72324    12.21965
    -2.71824    11.86237
    -2.71324    11.51661
    -2.70824    11.18204
    -2.70324    10.85832
    -2.69824    10.54508
    -2.69324    10.24198
    -2.68824     9.94867
    -2.68324     9.66479
    -2.67824     9.39001
    -2.67324     9.12399
    -2.66824     8.86640
    -2.66324     8.61694
    -2.65824     8.37531
    -2.65324     8.14121
    -2.64824     7.91439
    -2.64324     7.69459
    -2.63824     7.48158
    -2.63324     7.27515
    -2.62824     7.07510
    -2.62324     6.88125
    -2.61824     6.69346
    -2.61324     6.51158
    -2.60824     6.33550
    -2.60324     6.16513
    -2.59824     6.00037
    -2.59324     5.84117
    -2.58824     5.68749
    -2.58324     5.53929
    -2.57824     5.39656
    -2.57324     5.25929
    -2.56824     5.12749
    -2.56324     5.00119
    -2.55824     4.88041
    -2.55324     4.76518
    -2.54824     4.65556
    -2.54324     4.55158
    -2.53824     4.45329
    -2.53324     4.36075
    -2.52824     4.27399
    -2.52324     4.19308
    -2.51824     4.11805
    -2.51324     4.04894
    -2.50824     3.98578
    -2.50324     3.92860
    -2.49824     3.87741
    -2.49324     3.83221
    -2.48824     3.79301
    -2.48324     3.75977
    -2.47824     3.73246
    -2.47324     3.71104
    -2.46824     3.69545
    -2.46324     3.68560
    -2.45824     3.68140
    -2.45324     3.68274
    -2.44824     3.68950
    -2.44324     3.70151
    -2.43824     3.71863
    -2.43324     3.74067
    -2.42824     3.76744
    -2.42324     3.79872
    -2.41824     3.83429
    -2.41324     3.87390
    -2.40824     3.91729
    -2.40324     3.96418
    -2.39824     4.01430
    -2.39324     4.06734
    -2.38824     4.12299
    -2.38324     4.18093
    -2.37824     4.24083
    -2.37324     4.30236
    -2.36824     4.36516
    -2.36324     4.42890
    -2.35824     4.49321
    -2.35324     4.55775
    -2.34824     4.62216
    -2.34324     4.68609
    -2.33824     4.74918
    -2.33324     4.81108
    -2.32824     4.87145
    -2.32324     4.92996
    -2.31824     4.98628
    -2.31324     5.04009
    -2.30824     5.09108
    -2.30324     5.13897
    -2.29824     5.18346
    -2.29324     5.22430
    -2.28824     5.26123
    -2.28324     5.29403
    -2.27824     5.32247
    -2.27324     5.34638
    -2.26824     5.36556
    -2.26324     5.37987
    -2.25824     5.38917
    -2.25324     5.39335
    -2.24824     5.39232
    -2.24324     5.38601
    -2.23824     5.37438
    -2.23324     5.35740
    -2.22824     5.33507
    -2.22324     5.30740
    -2.21824     5.27445
    -2.21324     5.23626
    -2.20824     5.19293
    -2.20324     5.14454
    -2.19824     5.09123
    -2.19324     5.03313
    -2.18824     4.97039
    -2.18324     4.90318
    -2.17824     4.83169
    -2.17324     4.75612
    -2.16824     4.67667
    -2.16324     4.59357
    -2.15824     4.50705
    -2.15324     4.41735
    -2.14824     4.32472
    -2.14324     4.22941
    -2.13824     4.13167
    -2.13324     4.03178
    -2.12824     3.92998
    -2.12324     3.82655
    -2.11824     3.72175
    -2.11324     3.61584
    -2.10824     3.50907
    -2.10324     3.40170
    -2.09824     3.29398
    -2.09324     3.18616
    -2.08824     3.07846
    -2.08324     2.97111
    -2.07824     2.86434
    -2.07324     2.75836
    -2.06824     2.65335
    -2.06324     2.54953
    -2.05824     2.44705
    -2.05324     2.34609
    -2.04824     2.24681
    -2.04324     2.14935
    -2.03824     2.05384
    -2.03324     1.96039
    -2.02824     1.86913
    -2.02324     1.78015
    -2.01824     1.69352
    -2.01324     1.60933
    -2.00824     1.52763
    -2.00324     1.44847
    -1.99824     1.37190
    -1.99324     1.29794
    -1.98824     1.22661
    -1.98324     1.15793
    -1.97824     1.09189
    -1.97324     1.02848
    -1.96824     0.96770
    -1.96324     0.90952
    -1.95824     0.85390
    -1.95324     0.80082
    -1.94824     0.75023
    -1.94324     0.70208
    -1.93824     0.65633
    -1.93324     0.61291
    -1.92824     0.57178
    -1.92324     0.53287
    -1.91824     0.49611
    -1.91324     0.46144
    -1.90824     0.42879
    -1.90324     0.39810
    -1.89824     0.36929
    -1.89324     0.34229
    -1.88824     0.31705
    -1.88324     0.29348
    -1.87824     0.27152
    -1.87324     0.25112
    -1.86824     0.23219
    -1.86324     0.21468
    -1.85824     0.19853
    -1.85324     0.18369
    -1.84824     0.17009
    -1.84324     0.15769
    -1.83824     0.14644
    -1.83324     0.13629
    -1.82824     0.12719
    -1.82324     0.11911
    -1.81824     0.11202
    -1.81324     0.10588
    -1.80824     0.10066
    -1.80324     0.09634
    -1.79824     0.09290
    -1.79324     0.09033
    -1.78824     0.08860
    -1.78324     0.08772
    -1.77824     0.08767
    -1.77324     0.08846
    -1.76824     0.09010
    -1.76324     0.09258
    -1.75824     0.09592
    -1.75324     0.10015
    -1.74824     0.10526
    -1.74324     0.11130
    -1.73824     0.11829
    -1.73324     0.12626
    -1.72824     0.13524
    -1.72324     0.14528
    -1.71824     0.15641
    -1.71324     0.16868
    -1.70824     0.18215
    -1.70324     0.19685
    -1.69824     0.21285
    -1.69324     0.23021
    -1.68824     0.24898
    -1.68324     0.26922
    -1.67824     0.29100
    -1.67324     0.31439
    -1.66824     0.33945
    -1.66324     0.36625
    -1.65824     0.39486
    -1.65324     0.42534
    -1.64824     0.45777
    -1.64324     0.49221
    -1.63824     0.52874
    -1.63324     0.56741
    -1.62824     0.60830
    -1.62324     0.65145
    -1.61824     0.69695
    -1.61324     0.74482
    -1.60824     0.79514
    -1.60324     0.84794
    -1.59824     0.90327
    -1.59324     0.96117
    -1.58824     1.02166
    -1.58324     1.08477
    -1.57824     1.15050
    -1.57324     1.21889
    -1.56824     1.28991
    -1.56324     1.36356
    -1.55824     1.43983
    -1.55324     1.51868
    -1.54824     1.60008
    -1.54324     1.68397
    -1.53824     1.77029
    -1.53324     1.85898
    -1.52824     1.94995
    -1.52324     2.04310
    -1.51824     2.13833
    -1.51324     2.23551
    -1.50824     2.33451
    -1.50324     2.43520
    -1.49824     2.53740
    -1.49324     2.64097
    -1.48824     2.74571
    -1.48324     2.85143
    -1.47824     2.95794
    -1.47324     3.06503
    -1.46824     3.17246
    -1.46324     3.28002
    -1.45824     3.38747
    -1.45324     3.49455
    -1.44824     3.60101
    -1.44324     3.70661
    -1.43824     3.81106
    -1.43324     3.91412
    -1.42824     4.01551
    -1.42324     4.11496
    -1.41824     4.21219
    -1.41324     4.30695
    -1.40824     4.39896
    -1.40324     4.48796
    -1.39824     4.57370
    -1.39324     4.65591
    -1.38824     4.73437
    -1.38324     4.80882
    -1.37824     4.87905
    -1.37324     4.94485
    -1.36824     5.00600
    -1.36324     5.06233
    -1.35824     5.11365
    -1.35324     5.15982
    -1.34824     5.20068
    -1.34324     5.23613
    -1.33824     5.26604
    -1.33324     5.29034
    -1.32824     5.30896
    -1.32324     5.32185
    -1.31824     5.32899
    -1.31324     5.33036
    -1.30824     5.32599
    -1.30324     5.31592
    -1.29824     5.30020
    -1.29324     5.27891
    -1.28824     5.25215
    -1.28324     5.22004
    -1.27824     5.18273
    -1.27324     5.14037
    -1.26824     5.09314
    -1.26324     5.04124
    -1.25824     4.98489
    -1.25324     4.92431
    -1.24824     4.85977
    -1.24324     4.79151
    -1.23824     4.71983
    -1.23324     4.64500
    -1.22824     4.56733
    -1.22324     4.48714
    -1.21824     4.40475
    -1.21324     4.32049
    -1.20824     4.23470
    -1.20324     4.14772
    -1.19824     4.05991
    -1.19324     3.97162
    -1.18824     3.88320
    -1.18324     3.79502
    -1.17824     3.70743
    -1.17324     3.62080
    -1.16824     3.53548
    -1.16324     3.45183
    -1.15824     3.37020
    -1.15324     3.29093
    -1.14824     3.21438
    -1.14324     3.14087
    -1.13824     3.07073
    -1.13324     3.00429
    -1.12824     2.94186
    -1.12324     2.88374
    -1.11824     2.83023
    -1.11324     2.78161
    -1.10824     2.73815
    -1.10324     2.70012
    -1.09824     2.66777
    -1.09324     2.64132
    -1.08824     2.62101
    -1.08324     2.60704
    -1.07824     2.59961
    -1.07324     2.59890
    -1.06824     2.60507
    -1.06324     2.61826
    -1.05824     2.63862
    -1.05324     2.66626
    -1.04824     2.70127
    -1.04324     2.74373
    -1.03824     2.79371
    -1.03324     2.85125
    -1.02824     2.91637
    -1.02324     2.98907
    -1.01824     3.06935
    -1.01324     3.15715
    -1.00824     3.25242
    -1.00324     3.35508
    -0.99824     3.46503
    -0.99324     3.58214
    -0.98824     3.70627
    -0.98324     3.83724
    -0.97824     3.97486
    -0.97324     4.11892
    -0.96824     4.26917
    -0.96324     4.42535
    -0.95824     4.58718
    -0.95324     4.75434
    -0.94824     4.92651
    -0.94324     5.10333
    -0.93824     5.28443
    -0.93324     5.46940
    -0.92824     5.65784
    -0.92324     5.84930
    -0.91824     6.04334
    -0.91324     6.23948
    -0.90824     6.43722
    -0.90324     6.63607
    -0.89824     6.83552
    -0.89324     7.03503
    -0.88824     7.23406
    -0.88324     7.43207
    -0.87824     7.62850
    -0.87324     7.82279
    -0.86824     8.01439
    -0.86324     8.20273
    -0.85824     8.38726
    -0.85324     8.56741
    -0.84824     8.74264
    -0.84324     8.91241
    -0.83824     9.07619
    -0.83324     9.23346
    -0.82824     9.38373
    -0.82324     9.52650
    -0.81824     9.66131
    -0.81324     9.78773
    -0.80824     9.90534
    -0.80324    10.01374
    -0.79824    10.11257
    -0.79324    10.20149
    -0.78824    10.28022
    -0.78324    10.34847
    -0.77824    10.40600
    -0.77324    10.45263
    -0.76824    10.48818
    -0.76324    10.51252
    -0.75824    10.52557
    -0.75324    10.52727
    -0.74824    10.51761
    -0.74324    10.49660
    -0.73824    10.46432
    -0.73324    10.42085
    -0.72824    10.36634
    -0.72324    10.30094
    -0.71824    10.22488
    -0.71324    10.13838
    -0.70824    10.04172
    -0.70324     9.93521
    -0.69824     9.81916
    -0.69324     9.69395
    -0.68824     9.55996
    -0.68324     9.41760
    -0.67824     9.26729
    -0.67324     9.10949
    -0.66824     8.94466
    -0.66324     8.77328
    -0.65824     8.59586
    -0.65324     8.41289
    -0.64824     8.22488
    -0.64324     8.03235
    -0.63824     7.83583
    -0.63324     7.63582
    -0.62824     7.43286
    -0.62324     7.22746
    -0.61824     7.02012
    -0.61324     6.81135
    -0.60824     6.60165
    -0.60324     6.39148
    -0.59824     6.18133
    -0.59324     5.97164
    -0.58824     5.76285
    -0.58324     5.55538
    -0.57824     5.34964
    -0.57324     5.14600
    -0.56824     4.94483
    -0.56324     4.74646
    -0.55824     4.55123
    -0.55324     4.35942
    -0.54824     4.17131
    -0.54324     3.98716
    -0.53824     3.80719
    -0.53324     3.63162
    -0.52824     3.46063
    -0.52324     3.29439
    -0.51824     3.13305
    -0.51324     2.97672
    -0.50824     2.82552
    -0.50324     2.67953
    -0.49824     2.53882
    -0.49324     2.40344
    -0.48824     2.27342
    -0.48324     2.14879
    -0.47824     2.02954
    -0.47324     1.91568
    -0.46824     1.80718
    -0.46324     1.70401
    -0.45824     1.60613
    -0.45324     1.51348
    -0.44824     1.42602
    -0.44324     1.34368
    -0.43824     1.26639
    -0.43324     1.19407
    -0.42824     1.12665
    -0.42324     1.06404
    -0.41824     1.00617
    -0.41324     0.95295
    -0.40824     0.90429
    -0.40324     0.86012
    -0.39824     0.82035
    -0.39324     0.78491
    -0.38824     0.75371
    -0.38324     0.72668
    -0.37824     0.70374
    -0.37324     0.68484
    -0.36824     0.66990
    -0.36324     0.65887
    -0.35824     0.65168
    -0.35324     0.64829
    -0.34824     0.64864
    -0.34324     0.65269
    -0.33824     0.66041
    -0.33324     0.67175
    -0.32824     0.68668
    -0.32324     0.70516
    -0.31824     0.72718
    -0.31324     0.75270
    -0.30824     0.78170
    -0.30324     0.81415
    -0.29824     0.85004
    -0.29324     0.88935
    -0.28824     0.93204
    -0.28324     0.97809
    -0.27824     1.02748
    -0.27324     1.08019
    -0.26824     1.13617
    -0.26324     1.19540
    -0.25824     1.25783
    -0.25324     1.32342
    -0.24824     1.39212
    -0.24324     1.46387
    -0.23824     1.53861
    -0.23324     1.61626
    -0.22824     1.69675
    -0.22324     1.77998
    -0.21824     1.86587
    -0.21324     1.95429
    -0.20824     2.04514
    -0.20324     2.13829
    -0.19824     2.23360
    -0.19324     2.33091
    -0.18824     2.43008
    -0.18324     2.53094
    -0.17824     2.63329
    -0.17324     2.73696
    -0.16824     2.84175
    -0.16324     2.94743
    -0.15824     3.05380
    -0.15324     3.16062
    -0.14824     3.26766
    -0.14324     3.37467
    -0.13824     3.48141
    -0.13324     3.58760
    -0.12824     3.69300
    -0.12324     3.79733
    -0.11824     3.90032
    -0.11324     4.00171
    -0.10824     4.10120
    -0.10324     4.19854
    -0.09824     4.29345
    -0.09324     4.38565
    -0.08824     4.47488
    -0.08324     4.56088
    -0.07824     4.64338
    -0.07324     4.72215
    -0.06824     4.79694
    -0.06324     4.86751
    -0.05824     4.93365
    -0.05324     4.99516
    -0.04824     5.05182
    -0.04324     5.10347
    -0.03824     5.14994
    -0.03324     5.19108
    -0.02824     5.22676
    -0.02324     5.25685
    -0.01824     5.28127
    -0.01324     5.29993
    -0.00824     5.31278
    -0.00324     5.31978
     0.00176     5.32090
     0.00676     5.31616
     0.01176     5.30557
     0.01676     5.28917
     0.02176     5.26702
     0.02676     5.23920
     0.03176     5.20583
     0.03676     5.16700
     0.04176     5.12287
     0.04676     5.07358
     0.05176     5.01932
     0.05676     4.96026
     0.06176     4.89662
     0.06676     4.82861
     0.07176     4.75646
     0.07676     4.68042
     0.08176     4.60075
     0.08676     4.51771
     0.09176     4.43157
     0.09676     4.34262
     0.10176     4.25116
     0.10676     4.15747
     0.11176     4.06186
     0.11676     3.96464
     0.12176     3.86611
     0.12676     3.76658
     0.13176     3.66635
     0.13676     3.56575
     0.14176     3.46508
     0.14676     3.36464
     0.15176     3.26474
     0.15676     3.16567
     0.16176     3.06773
     0.16676     2.97122
     0.17176     2.87641
     0.17676     2.78358
     0.18176     2.69300
     0.18676     2.60495
     0.19176     2.51968
     0.19676     2.43744
     0.20176     2.35847
     0.20676     2.28301
     0.21176     2.21129
     0.21676     2.14353
     0.22176     2.07994
     0.22676     2.02073
     0.23176     1.96610
     0.23676     1.91623
     0.24176     1.87131
     0.24676     1.83152
     0.25176     1.79702
     0.25676     1.76798
     0.26176     1.74454
     0.26676     1.72686
     0.27176     1.71507
     0.27676     1.70931
     0.28176     1.70969
     0.28676     1.71634
     0.29176     1.72937
     0.29676     1.74888
     0.30176     1.77495
     0.30676     1.80768
     0.31176     1.84714
     0.31676     1.89339
     0.32176     1.94650
     0.32676     2.00651
     0.33176     2.07346
     0.33676     2.14737
     0.34176     2.22825
     0.34676     2.31610
     0.35176     2.41090
     0.35676     2.51264
     0.36176     2.62126
     0.36676     2.73671
     0.37176     2.85890
     0.37676     2.98775
     0.38176     3.12315
     0.38676     3.26495
     0.39176     3.41303
     0.39676     3.56720
     0.40176     3.72727
     0.40676     3.89304
     0.41176     4.06427
     0.41676     4.24071
     0.42176     4.42207
     0.42676     4.60807
     0.43176     4.79839
     0.43676     4.99267
     0.44176     5.19056
     0.44676     5.39167
     0.45176     5.59559
     0.45676     5.80190
     0.46176     6.01016
     0.46676     6.21990
     0.47176     6.43064
     0.47676     6.64188
     0.48176     6.85312
     0.48676     7.06383
     0.49176     7.27348
     0.49676     7.48152
     0.50176     7.68740
     0.50676     7.89056
     0.51176     8.09045
     0.51676     8.28651
     0.52176     8.47817
     0.52676     8.66488
     0.53176     8.84610
     0.53676     9.02127
     0.54176     9.18987
     0.54676     9.35139
     0.55176     9.50532
     0.55676     9.65118
     0.56176     9.78851
     0.56676     9.91688
     0.57176    10.03586
     0.57676    10.14508
     0.58176    10.24418
     0.58676    10.33283
     0.59176    10.41075
     0.59676    10.47766
     0.60176    10.53336
     0.60676    10.57765
     0.61176    10.61040
     0.61676    10.63148
     0.62176    10.64084
     0.62676    10.63845
     0.63176    10.62431
     0.63676    10.59849
     0.64176    10.56106
     0.64676    10.51216
     0.65176    10.45196
     0.65676    10.38067
     0.66176    10.29854
     0.66676    10.20583
     0.67176    10.10287
     0.67676     9.98999
     0.68176     9.86758
     0.68676     9.73605
     0.69176     9.59582
     0.69676     9.44735
     0.70176     9.29113
     0.70676     9.12764
     0.71176     8.95741
     0.71676     8.78098
     0.72176     8.59889
     0.72676     8.41169
     0.73176     8.21995
     0.73676     8.02424
     0.74176     7.82514
     0.74676     7.62322
     0.75176     7.41905
     0.75676     7.21321
     0.76176     7.00626
     0.76676     6.79876
     0.77176     6.59125
     0.77676     6.38428
     0.78176     6.17836
     0.78676     5.97401
     0.79176     5.77172
     0.79676     5.57197
     0.80176     5.37521
     0.80676     5.18189
     0.81176     4.99242
     0.81676     4.80721
     0.82176     4.62664
     0.82676     4.45105
     0.83176     4.28079
     0.83676     4.11618
     0.84176     3.95749
     0.84676     3.80500
     0.85176     3.65896
     0.85676     3.51960
     0.86176     3.38712
     0.86676     3.26170
     0.87176     3.14351
     0.87676     3.03269
     0.88176     2.92938
     0.88676     2.83367
     0.89176     2.74565
     0.89676     2.66540
     0.90176     2.59298
     0.90676     2.52842
     0.91176     2.47174
     0.91676     2.42297
     0.92176     2.38209
     0.92676     2.34909
     0.93176     2.32393
     0.93676     2.30659
     0.94176     2.29701
     0.94676     2.29512
     0.95176     2.30085
     0.95676     2.31413
     0.96176     2.33485
     0.96676     2.36292
     0.97176     2.39824
     0.97676     2.44068
     0.98176     2.49013
     0.98676     2.54644
     0.99176     2.60949
     0.99676     2.67913
     1.00176     2.75521
     1.00676     2.83756
     1.01176     2.92604
     1.01676     3.02047
     1.02176     3.12068
     1.02676     3.22649
     1.03176     3.33771
     1.03676     3.45417
     1.04176     3.57566
     1.04676     3.70200
     1.05176     3.83298
     1.05676     3.96841
     1.06176     4.10808
     1.06676     4.25178
     1.07176     4.39930
     1.07676     4.55044
     1.08176     4.70499
     1.08676     4.86273
     1.09176     5.02346
     1.09676     5.18697
     1.10176     5.35303
     1.10676     5.52146
     1.11176     5.69205
     1.11676     5.86458
     1.12176     6.03888
     1.12676     6.21473
     1.13176     6.39195
     1.13676     6.57036
     1.14176     6.74977
     1.14676     6.93001
     1.15176     7.11091
     1.15676     7.29231
     1.16176     7.47406
     1.16676     7.65601
     1.17176     7.83801
     1.17676     8.01994
     1.18176     8.20166
     1.18676     8.38307
     1.19176     8.56404
     1.19676     8.74448
     1.20176     8.92429
     1.20676     9.10338
     1.21176     9.28167
     1.21676     9.45907
     1.22176     9.63553
     1.22676     9.81097
     1.23176     9.98533
     1.23676    10.15855
     1.24176    10.33059
     1.24676    10.50138
     1.25176    10.67087
     1.25676    10.83903
     1.26176    11.00579
     1.26676    11.17111
     1.27176    11.33493
     1.27676    11.49720
     1.28176    11.65787
     1.28676    11.81686
     1.29176    11.97411
     1.29676    12.12955
     1.30176    12.28309
     1.30676    12.43464
     1.31176    12.58411
     1.31676    12.73140
     1.32176    12.87638
     1.32676    13.01892
     1.33176    13.15890
     1.33676    13.29617
     1.34176    13.43057
     1.34676    13.56192
     1.35176    13.69006
     1.35676    13.81478
     1.36176    13.93589
     1.36676    14.05318
     1.37176    14.16643
     1.37676    14.27541
     1.38176    14.37987
     1.38676    14.47957
     1.39176    14.57426
     1.39676    14.66368
     1.40176    14.74757
     1.40676    14.82566
     1.41176    14.89767
     1.41676    14.96334
     1.42176    15.02240
     1.42676    15.07459
     1.43176    15.11963
     1.43676    15.15727
     1.44176    15.18726
     1.44676    15.20935
     1.45176    15.22331
     1.45676    15.22892
     1.46176    15.22596
     1.46676    15.21425
     1.47176    15.19361
     1.47676    15.16388
     1.48176    15.12491
     1.48676    15.07658
     1.49176    15.01881
     1.49676    14.95150
     1.50176    14.87461
     1.50676    14.78811
     1.51176    14.69200
     1.51676    14.58630
     1.52176    14.47107
     1.52676    14.34637
     1.53176    14.21233
     1.53676    14.06905
     1.54176    13.91672
     1.54676    13.75551
     1.55176    13.58563
     1.55676    13.40732
     1.56176    13.22085
     1.56676    13.02650
     1.57176    12.82459
     1.57676    12.61545
     1.58176    12.39943
     1.58676    12.17691
     1.59176    11.94827
     1.59676    11.71394
     1.60176    11.47433
     1.60676    11.22988
     1.61176    10.98105
     1.61676    10.72828
     1.62176    10.47205
     1.62676    10.21283
     1.63176     9.95110
     1.63676     9.68733
     1.64176     9.42202
     1.64676     9.15564
     1.65176     8.88866
     1.65676     8.62155
     1.66176     8.35479
     1.66676     8.08882
     1.67176     7.82410
     1.67676     7.56106
     1.68176     7.30012
     1.68676     7.04170
     1.69176     6.78618
     1.69676     6.53396
     1.70176     6.28538
     1.70676     6.04079
     1.71176     5.80053
     1.71676     5.56490
     1.72176     5.33418
     1.72676     5.10865
     1.73176     4.88855
     1.73676     4.67412
     1.74176     4.46557
     1.74676     4.26308
     1.75176     4.06684
     1.75676     3.87698
     1.76176     3.69365
     1.76676     3.51697
     1.77176     3.34703
     1.77676     3.18391
     1.78176     3.02769
     1.78676     2.87842
     1.79176     2.73614
     1.79676     2.60086
     1.80176     2.47261
     1.80676     2.35139
     1.81176     2.23718
     1.81676     2.12998
     1.82176     2.02975
     1.82676     1.93645
     1.83176     1.85006
     1.83676     1.77052
     1.84176     1.69778
     1.84676     1.63178
     1.85176     1.57247
     1.85676     1.51977
     1.86176     1.47363
     1.86676     1.43398
     1.87176     1.40075
     1.87676     1.37387
     1.88176     1.35327
     1.88676     1.33888
     1.89176     1.33064
     1.89676     1.32847
     1.90176     1.33230
     1.90676     1.34207
     1.91176     1.35770
     1.91676     1.37913
     1.92176     1.40630
     1.92676     1.43912
     1.93176     1.47755
     1.93676     1.52149
     1.94176     1.57090
     1.94676     1.62569
     1.95176     1.68579
     1.95676     1.75112
     1.96176     1.82162
     1.96676     1.89720
     1.97176     1.97777
     1.97676     2.06325
     1.98176     2.15354
     1.98676     2.24855
     1.99176     2.34817
     1.99676     2.45229
     2.00176     2.56081
     2.00676     2.67359
     2.01176     2.79052
     2.01676     2.91145
     2.02176     3.03624
     2.02676     3.16475
     2.03176     3.29681
     2.03676     3.43226
     2.04176     3.57092
     2.04676     3.71261
     2.05176     3.85715
     2.05676     4.00433
     2.06176     4.15395
     2.06676     4.30579
     2.07176     4.45965
     2.07676     4.61529
     2.08176     4.77248
     2.08676     4.93098
     2.09176     5.09055
     2.09676     5.25094
     2.10176     5.41190
     2.10676     5.57318
     2.11176     5.73451
     2.11676     5.89565
     2.12176     6.05632
     2.12676     6.21626
     2.13176     6.37522
     2.13676     6.53294
     2.14176     6.68916
     2.14676     6.84362
     2.15176     6.99608
     2.15676     7.14628
     2.16176     7.29400
     2.16676     7.43900
     2.17176     7.58104
     2.17676     7.71992
     2.18176     7.85543
     2.18676     7.98736
     2.19176     8.11553
     2.19676     8.23976
     2.20176     8.35989
     2.20676     8.47576
     2.21176     8.58724
     2.21676     8.69419
     2.22176     8.79651
     2.22676     8.89410
     2.23176     8.98688
     2.23676     9.07478
     2.24176     9.15775
     2.24676     9.23576
     2.25176     9.30879
     2.25676     9.37683
     2.26176     9.43990
     2.26676     9.49804
     2.27176     9.55128
     2.27676     9.59969
     2.28176     9.64336
     2.28676     9.68237
     2.29176     9.71684
     2.29676     9.74689
     2.30176     9.77266
     2.30676     9.79432
     2.31176     9.81202
     2.31676     9.82595
     2.32176     9.83630
     2.32676     9.84327
     2.33176     9.84710
     2.33676     9.84799
     2.34176     9.84619
     2.34676     9.84194
     2.35176     9.83549
     2.35676     9.82710
     2.36176     9.81703
     2.36676     9.80555
     2.37176     9.79291
     2.37676     9.77940
     2.38176     9.76529
     2.38676     9.75084
     2.39176     9.73631
     2.39676     9.72198
     2.40176     9.70810
     2.40676     9.69492
     2.41176     9.68269
     2.41676     9.67165
     2.42176     9.66201
     2.42676     9.65401
     2.43176     9.64783
     2.43676     9.64367
     2.44176     9.64171
     2.44676     9.64211
     2.45176     9.64501
     2.45676     9.65055
     2.46176     9.65883
     2.46676     9.66994
     2.47176     9.68397
     2.47676     9.70096
     2.48176     9.72096
     2.48676     9.74398
     2.49176     9.77002
     2.49676     9.79906
     2.50176     9.83105
     2.50676     9.86593
     2.51176     9.90363
     2.51676     9.94406
     2.52176     9.98709
     2.52676    10.03259
     2.53176    10.08043
     2.53676    10.13043
     2.54176    10.18244
     2.54676    10.23625
     2.55176    10.29168
     2.55676    10.34851
     2.56176    10.40654
     2.56676    10.46553
     2.57176    10.52528
     2.57676    10.58553
     2.58176    10.64608
     2.58676    10.70667
     2.59176    10.76710
     2.59676    10.82712
     2.60176    10.88651
     2.60676    10.94508
     2.61176    11.00260
     2.61676    11.05888
     2.62176    11.11374
     2.62676    11.16702
     2.63176    11.21854
     2.63676    11.26817
     2.64176    11.31578
     2.64676    11.36128
     2.65176    11.40456
     2.65676    11.44557
     2.66176    11.48424
     2.66676    11.52057
     2.67176    11.55453
     2.67676    11.58615
     2.68176    11.61545
     2.68676    11.64251
     2.69176    11.66739
     2.69676    11.69021
     2.70176    11.71107
     2.70676    11.73012
     2.71176    11.74753
     2.71676    11.76346
     2.72176    11.77811
     2.72676    11.79170
     2.73176    11.80446
     2.73676    11.81661
     2.74176    11.82841
     2.74676    11.84013
     2.75176    11.85203
     2.75676    11.86439
     2.76176    11.87749
     2.76676    11.89162
     2.77176    11.90706
     2.77676    11.92410
     2.78176    11.94303
     2.78676    11.96412
     2.79176    11.98764
     2.79676    12.01387
     2.80176    12.04305
     2.80676    12.07543
     2.81176    12.11124
     2.81676    12.15069
     2.82176    12.19399
     2.82676    12.24130
     2.83176    12.29280
     2.83676    12.34862
     2.84176    12.40887
     2.84676    12.47366
     2.85176    12.54304
     2.85676    12.61708
     2.86176    12.69578
     2.86676    12.77914
     2.87176    12.86712
     2.87676    12.95968
     2.88176    13.05672
     2.88676    13.15812
     2.89176    13.26376
     2.89676    13.37346
     2.90176    13.48704
     2.90676    13.60427
     2.91176    13.72493
     2.91676    13.84874
     2.92176    13.97541
     2.92676    14.10465
     2.93176    14.23613
     2.93676    14.36949
     2.94176    14.50439
     2.94676    14.64043
     2.95176    14.77722
     2.95676    14.91437
     2.96176    15.05144
     2.96676    15.18803
     2.97176    15.32369
     2.97676    15.45798
     2.98176    15.59047
     2.98676    15.72070
     2.99176    15.84825
     2.99676    15.97265
     3.00176    16.09347
     3.00676    16.21029
     3.01176    16.32267
     3.01676    16.43018
     3.02176    16.53244
     3.02676    16.62903
     3.03176    16.71958
     3.03676    16.80372
     3.04176    16.88109
     3.04676    16.95136
     3.05176    17.01421
     3.05676    17.06934
     3.06176    17.11648
     3.06676    17.15538
     3.07176    17.18579
     3.07676    17.20750
     3.08176    17.22033
     3.08676    17.22411
     3.09176    17.21870
     3.09676    17.20398
     3.10176    17.17986
     3.10676    17.14627
     3.11176    17.10316
     3.11676    17.05051
     3.12176    16.98832
     3.12676    16.91662
     3.13176    16.83545
     3.13676    16.74489
     3.14176    16.64502
     3.14676    16.53596
     3.15176    16.41784
     3.15676    16.29082
     3.16176    16.15506
     3.16676    16.01075
     3.17176    15.85809
     3.17676    15.69732
     3.18176    15.52866
     3.18676    15.35237
     3.19176    15.16871
     3.19676    14.97795
     3.20176    14.78039
     3.20676    14.57632
     3.21176    14.36605
     3.21676    14.14989
     3.22176    13.92818
     3.22676    13.70122
     3.23176    13.46937
     3.23676    13.23296
     3.24176    12.99232
     3.24676    12.74782
     3.25176    12.49979
     3.25676    12.24858
     3.26176    11.99454
     3.26676    11.73802
     3.27176    11.47937
     3.27676    11.21893
     3.28176    10.95703
     3.28676    10.69403
     3.29176    10.43026
     3.29676    10.16603
     3.30176     9.90169
     3.30676     9.63754
     3.31176     9.37391
     3.31676     9.11108
     3.32176     8.84937
     3.32676     8.58906
     3.33176     8.33043
     3.33676     8.07376
     3.34176     7.81930
     3.34676     7.56731
     3.35176     7.31804
     3.35676     7.07172
     3.36176     6.82856
     3.36676     6.58879
     3.37176     6.35259
     3.37676     6.12017
     3.38176     5.89169
     3.38676     5.66732
     3.39176     5.44722
     3.39676     5.23153
     3.40176     5.02037
     3.40676     4.81387
     3.41176     4.61212
     3.41676     4.41523
     3.42176     4.22328
     3.42676     4.03632
     3.43176     3.85443
     3.43676     3.67765
     3.44176     3.50601
     3.44676     3.33953
     3.45176     3.17823
     3.45676     3.02212
     3.46176     2.87117
     3.46676     2.72538
     3.47176     2.58471
     3.47676     2.44914
     3.48176     2.31860
     3.48676     2.19306
     3.49176     2.07244
     3.49676     1.95668
     3.50176     1.84569
     3.50676     1.73941
     3.51176     1.63773
     3.51676     1.54056
     3.52176     1.44781
     3.52676     1.35937
     3.53176     1.27512
     3.53676     1.19496
     3.54176     1.11878
     3.54676     1.04645
     3.55176     0.97786
     3.55676     0.91288
     3.56176     0.85139
     3.56676     0.79328
     3.57176     0.73840
     3.57676     0.68665
     3.58176     0.63790
     3.58676     0.59202
     3.59176     0.54890
     3.59676     0.50841
     3.60176     0.47043
     3.60676     0.43486
     3.61176     0.40157
     3.61676     0.37046
     3.62176     0.34141
     3.62676     0.31432
     3.63176     0.28908
     3.63676     0.26560
     3.64176     0.24378
     3.64676     0.22352
     3.65176     0.20473
     3.65676     0.18733
     3.66176     0.17123
     3.66676     0.15635
     3.67176     0.14262
     3.67676     0.12995
     3.68176     0.11829
     3.68676     0.10756
     3.69176     0.09771
     3.69676     0.08866
     3.70176     0.08036
     3.70676     0.07277
     3.71176     0.06582
     3.71676     0.05948
     3.72176     0.05368
     3.72676     0.04840
     3.73176     0.04360
     3.73676     0.03923
     3.74176     0.03526
     3.74676     0.03165
     3.75176     0.02839
     3.75676     0.02544
     3.76176     0.02276
     3.76676     0.02035
     3.77176     0.01817
     3.77676     0.01621
     3.78176     0.01445
     3.78676     0.01286
     3.79176     0.01143
     3.79676     0.01016
     3.80176     0.00901
     3.80676     0.00799
     3.81176     0.00707
     3.81676     0.00625
