    #Energy        TDOS
    #TDOS obtained from EIGENVAL file
    -6.03993     0.00000
    -6.03493     0.00000
    -6.02993     0.00001
    -6.02493     0.00001
    -6.01993     0.00001
    -6.01493     0.00001
    -6.00993     0.00001
    -6.00493     0.00001
    -5.99993     0.00002
    -5.99493     0.00002
    -5.98993     0.00002
    -5.98493     0.00003
    -5.97993     0.00003
    -5.97493     0.00003
    -5.96993     0.00004
    -5.96493     0.00005
    -5.95993     0.00006
    -5.95493     0.00007
    -5.94993     0.00008
    -5.94493     0.00009
    -5.93993     0.00011
    -5.93493     0.00012
    -5.92993     0.00015
    -5.92493     0.00017
    -5.91993     0.00020
    -5.91493     0.00023
    -5.90993     0.00027
    -5.90493     0.00031
    -5.89993     0.00036
    -5.89493     0.00041
    -5.88993     0.00048
    -5.88493     0.00055
    -5.87993     0.00064
    -5.87493     0.00073
    -5.86993     0.00084
    -5.86493     0.00097
    -5.85993     0.00112
    -5.85493     0.00128
    -5.84993     0.00147
    -5.84493     0.00168
    -5.83993     0.00192
    -5.83493     0.00219
    -5.82993     0.00250
    -5.82493     0.00285
    -5.81993     0.00325
    -5.81493     0.00369
    -5.80993     0.00420
    -5.80493     0.00476
    -5.79993     0.00540
    -5.79493     0.00611
    -5.78993     0.00692
    -5.78493     0.00782
    -5.77993     0.00882
    -5.77493     0.00995
    -5.76993     0.01121
    -5.76493     0.01261
    -5.75993     0.01417
    -5.75493     0.01591
    -5.74993     0.01785
    -5.74493     0.01999
    -5.73993     0.02238
    -5.73493     0.02502
    -5.72993     0.02794
    -5.72493     0.03117
    -5.71993     0.03473
    -5.71493     0.03867
    -5.70993     0.04300
    -5.70493     0.04777
    -5.69993     0.05301
    -5.69493     0.05877
    -5.68993     0.06508
    -5.68493     0.07199
    -5.67993     0.07956
    -5.67493     0.08783
    -5.66993     0.09686
    -5.66493     0.10671
    -5.65993     0.11743
    -5.65493     0.12910
    -5.64993     0.14179
    -5.64493     0.15556
    -5.63993     0.17050
    -5.63493     0.18668
    -5.62993     0.20419
    -5.62493     0.22311
    -5.61993     0.24354
    -5.61493     0.26557
    -5.60993     0.28931
    -5.60493     0.31485
    -5.59993     0.34230
    -5.59493     0.37178
    -5.58993     0.40340
    -5.58493     0.43727
    -5.57993     0.47353
    -5.57493     0.51228
    -5.56993     0.55367
    -5.56493     0.59782
    -5.55993     0.64486
    -5.55493     0.69494
    -5.54993     0.74819
    -5.54493     0.80475
    -5.53993     0.86477
    -5.53493     0.92838
    -5.52993     0.99573
    -5.52493     1.06697
    -5.51993     1.14224
    -5.51493     1.22169
    -5.50993     1.30546
    -5.50493     1.39369
    -5.49993     1.48654
    -5.49493     1.58413
    -5.48993     1.68661
    -5.48493     1.79411
    -5.47993     1.90676
    -5.47493     2.02470
    -5.46993     2.14804
    -5.46493     2.27691
    -5.45993     2.41141
    -5.45493     2.55166
    -5.44993     2.69775
    -5.44493     2.84978
    -5.43993     3.00784
    -5.43493     3.17201
    -5.42993     3.34235
    -5.42493     3.51893
    -5.41993     3.70180
    -5.41493     3.89100
    -5.40993     4.08656
    -5.40493     4.28851
    -5.39993     4.49686
    -5.39493     4.71161
    -5.38993     4.93274
    -5.38493     5.16023
    -5.37993     5.39405
    -5.37493     5.63414
    -5.36993     5.88045
    -5.36493     6.13291
    -5.35993     6.39142
    -5.35493     6.65589
    -5.34993     6.92620
    -5.34493     7.20223
    -5.33993     7.48384
    -5.33493     7.77087
    -5.32993     8.06318
    -5.32493     8.36057
    -5.31993     8.66285
    -5.31493     8.96984
    -5.30993     9.28130
    -5.30493     9.59702
    -5.29993     9.91676
    -5.29493    10.24028
    -5.28993    10.56732
    -5.28493    10.89760
    -5.27993    11.23086
    -5.27493    11.56682
    -5.26993    11.90518
    -5.26493    12.24565
    -5.25993    12.58792
    -5.25493    12.93169
    -5.24993    13.27666
    -5.24493    13.62250
    -5.23993    13.96890
    -5.23493    14.31556
    -5.22993    14.66216
    -5.22493    15.00839
    -5.21993    15.35395
    -5.21493    15.69854
    -5.20993    16.04186
    -5.20493    16.38364
    -5.19993    16.72360
    -5.19493    17.06147
    -5.18993    17.39702
    -5.18493    17.72999
    -5.17993    18.06018
    -5.17493    18.38738
    -5.16993    18.71141
    -5.16493    19.03211
    -5.15993    19.34932
    -5.15493    19.66294
    -5.14993    19.97287
    -5.14493    20.27904
    -5.13993    20.58139
    -5.13493    20.87991
    -5.12993    21.17461
    -5.12493    21.46553
    -5.11993    21.75271
    -5.11493    22.03626
    -5.10993    22.31628
    -5.10493    22.59293
    -5.09993    22.86638
    -5.09493    23.13681
    -5.08993    23.40447
    -5.08493    23.66958
    -5.07993    23.93243
    -5.07493    24.19331
    -5.06993    24.45253
    -5.06493    24.71042
    -5.05993    24.96732
    -5.05493    25.22360
    -5.04993    25.47962
    -5.04493    25.73577
    -5.03993    25.99244
    -5.03493    26.25000
    -5.02993    26.50886
    -5.02493    26.76939
    -5.01993    27.03197
    -5.01493    27.29697
    -5.00993    27.56475
    -5.00493    27.83564
    -4.99993    28.10996
    -4.99493    28.38801
    -4.98993    28.67005
    -4.98493    28.95633
    -4.97993    29.24704
    -4.97493    29.54236
    -4.96993    29.84241
    -4.96493    30.14729
    -4.95993    30.45704
    -4.95493    30.77165
    -4.94993    31.09108
    -4.94493    31.41522
    -4.93993    31.74393
    -4.93493    32.07701
    -4.92993    32.41418
    -4.92493    32.75515
    -4.91993    33.09955
    -4.91493    33.44697
    -4.90993    33.79692
    -4.90493    34.14890
    -4.89993    34.50233
    -4.89493    34.85659
    -4.88993    35.21101
    -4.88493    35.56488
    -4.87993    35.91745
    -4.87493    36.26793
    -4.86993    36.61550
    -4.86493    36.95930
    -4.85993    37.29844
    -4.85493    37.63204
    -4.84993    37.95916
    -4.84493    38.27886
    -4.83993    38.59022
    -4.83493    38.89229
    -4.82993    39.18411
    -4.82493    39.46477
    -4.81993    39.73333
    -4.81493    39.98891
    -4.80993    40.23061
    -4.80493    40.45760
    -4.79993    40.66906
    -4.79493    40.86422
    -4.78993    41.04236
    -4.78493    41.20280
    -4.77993    41.34491
    -4.77493    41.46813
    -4.76993    41.57197
    -4.76493    41.65600
    -4.75993    41.71985
    -4.75493    41.76324
    -4.74993    41.78595
    -4.74493    41.78786
    -4.73993    41.76890
    -4.73493    41.72912
    -4.72993    41.66862
    -4.72493    41.58760
    -4.71993    41.48634
    -4.71493    41.36520
    -4.70993    41.22463
    -4.70493    41.06514
    -4.69993    40.88735
    -4.69493    40.69192
    -4.68993    40.47961
    -4.68493    40.25125
    -4.67993    40.00771
    -4.67493    39.74995
    -4.66993    39.47898
    -4.66493    39.19585
    -4.65993    38.90168
    -4.65493    38.59761
    -4.64993    38.28484
    -4.64493    37.96457
    -4.63993    37.63806
    -4.63493    37.30657
    -4.62993    36.97138
    -4.62493    36.63375
    -4.61993    36.29499
    -4.61493    35.95635
    -4.60993    35.61912
    -4.60493    35.28452
    -4.59993    34.95378
    -4.59493    34.62810
    -4.58993    34.30862
    -4.58493    33.99646
    -4.57993    33.69268
    -4.57493    33.39830
    -4.56993    33.11428
    -4.56493    32.84151
    -4.55993    32.58083
    -4.55493    32.33300
    -4.54993    32.09873
    -4.54493    31.87864
    -4.53993    31.67327
    -4.53493    31.48310
    -4.52993    31.30851
    -4.52493    31.14983
    -4.51993    31.00729
    -4.51493    30.88104
    -4.50993    30.77116
    -4.50493    30.67765
    -4.49993    30.60042
    -4.49493    30.53932
    -4.48993    30.49413
    -4.48493    30.46453
    -4.47993    30.45017
    -4.47493    30.45061
    -4.46993    30.46536
    -4.46493    30.49385
    -4.45993    30.53548
    -4.45493    30.58959
    -4.44993    30.65548
    -4.44493    30.73239
    -4.43993    30.81953
    -4.43493    30.91610
    -4.42993    31.02123
    -4.42493    31.13405
    -4.41993    31.25368
    -4.41493    31.37920
    -4.40993    31.50971
    -4.40493    31.64427
    -4.39993    31.78197
    -4.39493    31.92188
    -4.38993    32.06310
    -4.38493    32.20472
    -4.37993    32.34587
    -4.37493    32.48568
    -4.36993    32.62330
    -4.36493    32.75793
    -4.35993    32.88877
    -4.35493    33.01508
    -4.34993    33.13615
    -4.34493    33.25128
    -4.33993    33.35985
    -4.33493    33.46125
    -4.32993    33.55493
    -4.32493    33.64038
    -4.31993    33.71714
    -4.31493    33.78479
    -4.30993    33.84295
    -4.30493    33.89131
    -4.29993    33.92958
    -4.29493    33.95755
    -4.28993    33.97503
    -4.28493    33.98188
    -4.27993    33.97803
    -4.27493    33.96342
    -4.26993    33.93806
    -4.26493    33.90198
    -4.25993    33.85528
    -4.25493    33.79808
    -4.24993    33.73054
    -4.24493    33.65286
    -4.23993    33.56526
    -4.23493    33.46803
    -4.22993    33.36144
    -4.22493    33.24584
    -4.21993    33.12155
    -4.21493    32.98896
    -4.20993    32.84847
    -4.20493    32.70049
    -4.19993    32.54545
    -4.19493    32.38381
    -4.18993    32.21601
    -4.18493    32.04255
    -4.17993    31.86390
    -4.17493    31.68056
    -4.16993    31.49301
    -4.16493    31.30177
    -4.15993    31.10733
    -4.15493    30.91020
    -4.14993    30.71088
    -4.14493    30.50987
    -4.13993    30.30767
    -4.13493    30.10478
    -4.12993    29.90167
    -4.12493    29.69882
    -4.11993    29.49671
    -4.11493    29.29579
    -4.10993    29.09651
    -4.10493    28.89932
    -4.09993    28.70463
    -4.09493    28.51286
    -4.08993    28.32441
    -4.08493    28.13968
    -4.07993    27.95902
    -4.07493    27.78280
    -4.06993    27.61137
    -4.06493    27.44504
    -4.05993    27.28414
    -4.05493    27.12896
    -4.04993    26.97978
    -4.04493    26.83686
    -4.03993    26.70045
    -4.03493    26.57079
    -4.02993    26.44809
    -4.02493    26.33256
    -4.01993    26.22437
    -4.01493    26.12371
    -4.00993    26.03071
    -4.00493    25.94552
    -3.99993    25.86826
    -3.99493    25.79904
    -3.98993    25.73796
    -3.98493    25.68508
    -3.97993    25.64048
    -3.97493    25.60421
    -3.96993    25.57630
    -3.96493    25.55678
    -3.95993    25.54566
    -3.95493    25.54295
    -3.94993    25.54863
    -3.94493    25.56267
    -3.93993    25.58506
    -3.93493    25.61574
    -3.92993    25.65468
    -3.92493    25.70179
    -3.91993    25.75703
    -3.91493    25.82031
    -3.90993    25.89156
    -3.90493    25.97068
    -3.89993    26.05758
    -3.89493    26.15216
    -3.88993    26.25433
    -3.88493    26.36395
    -3.87993    26.48094
    -3.87493    26.60517
    -3.86993    26.73652
    -3.86493    26.87486
    -3.85993    27.02009
    -3.85493    27.17206
    -3.84993    27.33066
    -3.84493    27.49574
    -3.83993    27.66718
    -3.83493    27.84484
    -3.82993    28.02858
    -3.82493    28.21827
    -3.81993    28.41376
    -3.81493    28.61490
    -3.80993    28.82156
    -3.80493    29.03357
    -3.79993    29.25078
    -3.79493    29.47304
    -3.78993    29.70018
    -3.78493    29.93203
    -3.77993    30.16841
    -3.77493    30.40916
    -3.76993    30.65408
    -3.76493    30.90299
    -3.75993    31.15567
    -3.75493    31.41194
    -3.74993    31.67157
    -3.74493    31.93434
    -3.73993    32.20003
    -3.73493    32.46840
    -3.72993    32.73920
    -3.72493    33.01219
    -3.71993    33.28711
    -3.71493    33.56368
    -3.70993    33.84165
    -3.70493    34.12073
    -3.69993    34.40065
    -3.69493    34.68110
    -3.68993    34.96182
    -3.68493    35.24249
    -3.67993    35.52284
    -3.67493    35.80256
    -3.66993    36.08137
    -3.66493    36.35898
    -3.65993    36.63511
    -3.65493    36.90948
    -3.64993    37.18182
    -3.64493    37.45188
    -3.63993    37.71940
    -3.63493    37.98417
    -3.62993    38.24595
    -3.62493    38.50455
    -3.61993    38.75979
    -3.61493    39.01151
    -3.60993    39.25957
    -3.60493    39.50387
    -3.59993    39.74431
    -3.59493    39.98084
    -3.58993    40.21343
    -3.58493    40.44207
    -3.57993    40.66681
    -3.57493    40.88771
    -3.56993    41.10485
    -3.56493    41.31839
    -3.55993    41.52846
    -3.55493    41.73529
    -3.54993    41.93910
    -3.54493    42.14015
    -3.53993    42.33875
    -3.53493    42.53523
    -3.52993    42.72995
    -3.52493    42.92330
    -3.51993    43.11572
    -3.51493    43.30765
    -3.50993    43.49956
    -3.50493    43.69196
    -3.49993    43.88537
    -3.49493    44.08032
    -3.48993    44.27737
    -3.48493    44.47710
    -3.47993    44.68007
    -3.47493    44.88688
    -3.46993    45.09811
    -3.46493    45.31435
    -3.45993    45.53620
    -3.45493    45.76424
    -3.44993    45.99903
    -3.44493    46.24113
    -3.43993    46.49109
    -3.43493    46.74942
    -3.42993    47.01662
    -3.42493    47.29316
    -3.41993    47.57947
    -3.41493    47.87597
    -3.40993    48.18300
    -3.40493    48.50090
    -3.39993    48.82995
    -3.39493    49.17038
    -3.38993    49.52237
    -3.38493    49.88605
    -3.37993    50.26151
    -3.37493    50.64877
    -3.36993    51.04780
    -3.36493    51.45849
    -3.35993    51.88070
    -3.35493    52.31421
    -3.34993    52.75875
    -3.34493    53.21398
    -3.33993    53.67949
    -3.33493    54.15483
    -3.32993    54.63948
    -3.32493    55.13285
    -3.31993    55.63430
    -3.31493    56.14313
    -3.30993    56.65858
    -3.30493    57.17985
    -3.29993    57.70607
    -3.29493    58.23632
    -3.28993    58.76966
    -3.28493    59.30509
    -3.27993    59.84156
    -3.27493    60.37799
    -3.26993    60.91327
    -3.26493    61.44627
    -3.25993    61.97582
    -3.25493    62.50073
    -3.24993    63.01981
    -3.24493    63.53183
    -3.23993    64.03557
    -3.23493    64.52980
    -3.22993    65.01331
    -3.22493    65.48487
    -3.21993    65.94326
    -3.21493    66.38730
    -3.20993    66.81580
    -3.20493    67.22761
    -3.19993    67.62161
    -3.19493    67.99669
    -3.18993    68.35180
    -3.18493    68.68592
    -3.17993    68.99806
    -3.17493    69.28731
    -3.16993    69.55277
    -3.16493    69.79361
    -3.15993    70.00907
    -3.15493    70.19842
    -3.14993    70.36102
    -3.14493    70.49627
    -3.13993    70.60363
    -3.13493    70.68266
    -3.12993    70.73295
    -3.12493    70.75417
    -3.11993    70.74607
    -3.11493    70.70845
    -3.10993    70.64120
    -3.10493    70.54426
    -3.09993    70.41765
    -3.09493    70.26145
    -3.08993    70.07582
    -3.08493    69.86097
    -3.07993    69.61719
    -3.07493    69.34481
    -3.06993    69.04424
    -3.06493    68.71595
    -3.05993    68.36046
    -3.05493    67.97834
    -3.04993    67.57021
    -3.04493    67.13675
    -3.03993    66.67867
    -3.03493    66.19674
    -3.02993    65.69176
    -3.02493    65.16457
    -3.01993    64.61603
    -3.01493    64.04705
    -3.00993    63.45854
    -3.00493    62.85146
    -2.99993    62.22677
    -2.99493    61.58545
    -2.98993    60.92851
    -2.98493    60.25693
    -2.97993    59.57173
    -2.97493    58.87392
    -2.96993    58.16451
    -2.96493    57.44450
    -2.95993    56.71489
    -2.95493    55.97667
    -2.94993    55.23080
    -2.94493    54.47826
    -2.93993    53.71996
    -2.93493    52.95684
    -2.92993    52.18979
    -2.92493    51.41968
    -2.91993    50.64734
    -2.91493    49.87360
    -2.90993    49.09922
    -2.90493    48.32497
    -2.89993    47.55155
    -2.89493    46.77965
    -2.88993    46.00992
    -2.88493    45.24295
    -2.87993    44.47932
    -2.87493    43.71957
    -2.86993    42.96419
    -2.86493    42.21364
    -2.85993    41.46835
    -2.85493    40.72869
    -2.84993    39.99501
    -2.84493    39.26762
    -2.83993    38.54680
    -2.83493    37.83280
    -2.82993    37.12581
    -2.82493    36.42601
    -2.81993    35.73355
    -2.81493    35.04854
    -2.80993    34.37107
    -2.80493    33.70119
    -2.79993    33.03895
    -2.79493    32.38436
    -2.78993    31.73740
    -2.78493    31.09805
    -2.77993    30.46626
    -2.77493    29.84196
    -2.76993    29.22509
    -2.76493    28.61556
    -2.75993    28.01326
    -2.75493    27.41809
    -2.74993    26.82994
    -2.74493    26.24869
    -2.73993    25.67422
    -2.73493    25.10641
    -2.72993    24.54514
    -2.72493    23.99029
    -2.71993    23.44174
    -2.71493    22.89939
    -2.70993    22.36313
    -2.70493    21.83286
    -2.69993    21.30850
    -2.69493    20.78996
    -2.68993    20.27718
    -2.68493    19.77009
    -2.67993    19.26864
    -2.67493    18.77281
    -2.66993    18.28255
    -2.66493    17.79787
    -2.65993    17.31875
    -2.65493    16.84521
    -2.64993    16.37727
    -2.64493    15.91496
    -2.63993    15.45833
    -2.63493    15.00743
    -2.62993    14.56233
    -2.62493    14.12310
    -2.61993    13.68982
    -2.61493    13.26258
    -2.60993    12.84149
    -2.60493    12.42664
    -2.59993    12.01814
    -2.59493    11.61611
    -2.58993    11.22065
    -2.58493    10.83189
    -2.57993    10.44995
    -2.57493    10.07494
    -2.56993     9.70698
    -2.56493     9.34618
    -2.55993     8.99266
    -2.55493     8.64653
    -2.54993     8.30788
    -2.54493     7.97682
    -2.53993     7.65344
    -2.53493     7.33781
    -2.52993     7.03002
    -2.52493     6.73014
    -2.51993     6.43822
    -2.51493     6.15431
    -2.50993     5.87846
    -2.50493     5.61068
    -2.49993     5.35101
    -2.49493     5.09945
    -2.48993     4.85599
    -2.48493     4.62064
    -2.47993     4.39335
    -2.47493     4.17412
    -2.46993     3.96288
    -2.46493     3.75959
    -2.45993     3.56420
    -2.45493     3.37662
    -2.44993     3.19678
    -2.44493     3.02460
    -2.43993     2.85999
    -2.43493     2.70284
    -2.42993     2.55305
    -2.42493     2.41050
    -2.41993     2.27509
    -2.41493     2.14669
    -2.40993     2.02518
    -2.40493     1.91044
    -2.39993     1.80233
    -2.39493     1.70072
    -2.38993     1.60550
    -2.38493     1.51652
    -2.37993     1.43366
    -2.37493     1.35678
    -2.36993     1.28577
    -2.36493     1.22050
    -2.35993     1.16084
    -2.35493     1.10668
    -2.34993     1.05790
    -2.34493     1.01440
    -2.33993     0.97605
    -2.33493     0.94276
    -2.32993     0.91443
    -2.32493     0.89096
    -2.31993     0.87227
    -2.31493     0.85827
    -2.30993     0.84887
    -2.30493     0.84399
    -2.29993     0.84358
    -2.29493     0.84755
    -2.28993     0.85583
    -2.28493     0.86837
    -2.27993     0.88511
    -2.27493     0.90599
    -2.26993     0.93094
    -2.26493     0.95993
    -2.25993     0.99288
    -2.25493     1.02976
    -2.24993     1.07050
    -2.24493     1.11504
    -2.23993     1.16334
    -2.23493     1.21533
    -2.22993     1.27095
    -2.22493     1.33013
    -2.21993     1.39280
    -2.21493     1.45889
    -2.20993     1.52831
    -2.20493     1.60098
    -2.19993     1.67680
    -2.19493     1.75567
    -2.18993     1.83748
    -2.18493     1.92211
    -2.17993     2.00943
    -2.17493     2.09932
    -2.16993     2.19162
    -2.16493     2.28617
    -2.15993     2.38283
    -2.15493     2.48140
    -2.14993     2.58170
    -2.14493     2.68355
    -2.13993     2.78673
    -2.13493     2.89104
    -2.12993     2.99625
    -2.12493     3.10214
    -2.11993     3.20846
    -2.11493     3.31497
    -2.10993     3.42141
    -2.10493     3.52752
    -2.09993     3.63305
    -2.09493     3.73773
    -2.08993     3.84127
    -2.08493     3.94340
    -2.07993     4.04386
    -2.07493     4.14235
    -2.06993     4.23862
    -2.06493     4.33237
    -2.05993     4.42334
    -2.05493     4.51127
    -2.04993     4.59589
    -2.04493     4.67695
    -2.03993     4.75420
    -2.03493     4.82741
    -2.02993     4.89635
    -2.02493     4.96080
    -2.01993     5.02057
    -2.01493     5.07547
    -2.00993     5.12531
    -2.00493     5.16996
    -1.99993     5.20926
    -1.99493     5.24310
    -1.98993     5.27137
    -1.98493     5.29398
    -1.97993     5.31087
    -1.97493     5.32200
    -1.96993     5.32733
    -1.96493     5.32687
    -1.95993     5.32062
    -1.95493     5.30864
    -1.94993     5.29096
    -1.94493     5.26768
    -1.93993     5.23888
    -1.93493     5.20469
    -1.92993     5.16525
    -1.92493     5.12070
    -1.91993     5.07122
    -1.91493     5.01701
    -1.90993     4.95827
    -1.90493     4.89522
    -1.89993     4.82810
    -1.89493     4.75717
    -1.88993     4.68268
    -1.88493     4.60491
    -1.87993     4.52415
    -1.87493     4.44069
    -1.86993     4.35483
    -1.86493     4.26689
    -1.85993     4.17717
    -1.85493     4.08600
    -1.84993     3.99369
    -1.84493     3.90057
    -1.83993     3.80696
    -1.83493     3.71319
    -1.82993     3.61958
    -1.82493     3.52644
    -1.81993     3.43408
    -1.81493     3.34283
    -1.80993     3.25297
    -1.80493     3.16482
    -1.79993     3.07865
    -1.79493     2.99474
    -1.78993     2.91338
    -1.78493     2.83481
    -1.77993     2.75929
    -1.77493     2.68705
    -1.76993     2.61833
    -1.76493     2.55334
    -1.75993     2.49228
    -1.75493     2.43534
    -1.74993     2.38268
    -1.74493     2.33449
    -1.73993     2.29089
    -1.73493     2.25202
    -1.72993     2.21801
    -1.72493     2.18894
    -1.71993     2.16491
    -1.71493     2.14600
    -1.70993     2.13225
    -1.70493     2.12370
    -1.69993     2.12039
    -1.69493     2.12232
    -1.68993     2.12949
    -1.68493     2.14187
    -1.67993     2.15944
    -1.67493     2.18212
    -1.66993     2.20987
    -1.66493     2.24260
    -1.65993     2.28020
    -1.65493     2.32256
    -1.64993     2.36956
    -1.64493     2.42106
    -1.63993     2.47689
    -1.63493     2.53689
    -1.62993     2.60087
    -1.62493     2.66863
    -1.61993     2.73997
    -1.61493     2.81465
    -1.60993     2.89245
    -1.60493     2.97311
    -1.59993     3.05638
    -1.59493     3.14199
    -1.58993     3.22966
    -1.58493     3.31911
    -1.57993     3.41005
    -1.57493     3.50216
    -1.56993     3.59515
    -1.56493     3.68869
    -1.55993     3.78248
    -1.55493     3.87620
    -1.54993     3.96952
    -1.54493     4.06212
    -1.53993     4.15367
    -1.53493     4.24387
    -1.52993     4.33238
    -1.52493     4.41890
    -1.51993     4.50311
    -1.51493     4.58472
    -1.50993     4.66342
    -1.50493     4.73893
    -1.49993     4.81099
    -1.49493     4.87931
    -1.48993     4.94365
    -1.48493     5.00378
    -1.47993     5.05946
    -1.47493     5.11049
    -1.46993     5.15668
    -1.46493     5.19786
    -1.45993     5.23386
    -1.45493     5.26456
    -1.44993     5.28983
    -1.44493     5.30958
    -1.43993     5.32373
    -1.43493     5.33223
    -1.42993     5.33504
    -1.42493     5.33216
    -1.41993     5.32359
    -1.41493     5.30937
    -1.40993     5.28954
    -1.40493     5.26417
    -1.39993     5.23338
    -1.39493     5.19725
    -1.38993     5.15594
    -1.38493     5.10960
    -1.37993     5.05839
    -1.37493     5.00250
    -1.36993     4.94215
    -1.36493     4.87754
    -1.35993     4.80893
    -1.35493     4.73655
    -1.34993     4.66066
    -1.34493     4.58155
    -1.33993     4.49950
    -1.33493     4.41479
    -1.32993     4.32773
    -1.32493     4.23862
    -1.31993     4.14778
    -1.31493     4.05551
    -1.30993     3.96215
    -1.30493     3.86800
    -1.29993     3.77340
    -1.29493     3.67865
    -1.28993     3.58408
    -1.28493     3.49000
    -1.27993     3.39672
    -1.27493     3.30455
    -1.26993     3.21378
    -1.26493     3.12471
    -1.25993     3.03762
    -1.25493     2.95280
    -1.24993     2.87050
    -1.24493     2.79099
    -1.23993     2.71451
    -1.23493     2.64129
    -1.22993     2.57157
    -1.22493     2.50555
    -1.21993     2.44343
    -1.21493     2.38540
    -1.20993     2.33163
    -1.20493     2.28228
    -1.19993     2.23750
    -1.19493     2.19741
    -1.18993     2.16214
    -1.18493     2.13179
    -1.17993     2.10644
    -1.17493     2.08617
    -1.16993     2.07104
    -1.16493     2.06109
    -1.15993     2.05635
    -1.15493     2.05683
    -1.14993     2.06253
    -1.14493     2.07344
    -1.13993     2.08953
    -1.13493     2.11074
    -1.12993     2.13701
    -1.12493     2.16828
    -1.11993     2.20444
    -1.11493     2.24540
    -1.10993     2.29104
    -1.10493     2.34121
    -1.09993     2.39578
    -1.09493     2.45457
    -1.08993     2.51742
    -1.08493     2.58414
    -1.07993     2.65452
    -1.07493     2.72835
    -1.06993     2.80540
    -1.06493     2.88544
    -1.05993     2.96821
    -1.05493     3.05346
    -1.04993     3.14092
    -1.04493     3.23031
    -1.03993     3.32134
    -1.03493     3.41373
    -1.02993     3.50715
    -1.02493     3.60132
    -1.01993     3.69592
    -1.01493     3.79063
    -1.00993     3.88514
    -1.00493     3.97912
    -0.99993     4.07225
    -0.99493     4.16421
    -0.98993     4.25469
    -0.98493     4.34337
    -0.97993     4.42993
    -0.97493     4.51407
    -0.96993     4.59548
    -0.96493     4.67389
    -0.95993     4.74899
    -0.95493     4.82053
    -0.94993     4.88823
    -0.94493     4.95185
    -0.93993     5.01114
    -0.93493     5.06590
    -0.92993     5.11591
    -0.92493     5.16099
    -0.91993     5.20095
    -0.91493     5.23565
    -0.90993     5.26495
    -0.90493     5.28873
    -0.89993     5.30690
    -0.89493     5.31938
    -0.88993     5.32612
    -0.88493     5.32707
    -0.87993     5.32222
    -0.87493     5.31158
    -0.86993     5.29518
    -0.86493     5.27307
    -0.85993     5.24530
    -0.85493     5.21197
    -0.84993     5.17318
    -0.84493     5.12906
    -0.83993     5.07974
    -0.83493     5.02540
    -0.82993     4.96620
    -0.82493     4.90233
    -0.81993     4.83401
    -0.81493     4.76144
    -0.80993     4.68486
    -0.80493     4.60451
    -0.79993     4.52063
    -0.79493     4.43350
    -0.78993     4.34338
    -0.78493     4.25053
    -0.77993     4.15524
    -0.77493     4.05779
    -0.76993     3.95846
    -0.76493     3.85754
    -0.75993     3.75531
    -0.75493     3.65206
    -0.74993     3.54808
    -0.74493     3.44364
    -0.73993     3.33901
    -0.73493     3.23448
    -0.72993     3.13030
    -0.72493     3.02674
    -0.71993     2.92404
    -0.71493     2.82246
    -0.70993     2.72223
    -0.70493     2.62358
    -0.69993     2.52672
    -0.69493     2.43188
    -0.68993     2.33924
    -0.68493     2.24900
    -0.67993     2.16135
    -0.67493     2.07644
    -0.66993     1.99445
    -0.66493     1.91552
    -0.65993     1.83980
    -0.65493     1.76743
    -0.64993     1.69851
    -0.64493     1.63317
    -0.63993     1.57151
    -0.63493     1.51363
    -0.62993     1.45961
    -0.62493     1.40954
    -0.61993     1.36349
    -0.61493     1.32152
    -0.60993     1.28369
    -0.60493     1.25006
    -0.59993     1.22066
    -0.59493     1.19553
    -0.58993     1.17471
    -0.58493     1.15823
    -0.57993     1.14610
    -0.57493     1.13834
    -0.56993     1.13495
    -0.56493     1.13595
    -0.55993     1.14133
    -0.55493     1.15108
    -0.54993     1.16520
    -0.54493     1.18366
    -0.53993     1.20644
    -0.53493     1.23352
    -0.52993     1.26485
    -0.52493     1.30040
    -0.51993     1.34012
    -0.51493     1.38395
    -0.50993     1.43184
    -0.50493     1.48372
    -0.49993     1.53951
    -0.49493     1.59912
    -0.48993     1.66247
    -0.48493     1.72945
    -0.47993     1.79996
    -0.47493     1.87387
    -0.46993     1.95106
    -0.46493     2.03140
    -0.45993     2.11474
    -0.45493     2.20091
    -0.44993     2.28976
    -0.44493     2.38111
    -0.43993     2.47477
    -0.43493     2.57055
    -0.42993     2.66825
    -0.42493     2.76764
    -0.41993     2.86850
    -0.41493     2.97061
    -0.40993     3.07372
    -0.40493     3.17758
    -0.39993     3.28193
    -0.39493     3.38652
    -0.38993     3.49107
    -0.38493     3.59531
    -0.37993     3.69896
    -0.37493     3.80174
    -0.36993     3.90337
    -0.36493     4.00355
    -0.35993     4.10200
    -0.35493     4.19844
    -0.34993     4.29258
    -0.34493     4.38414
    -0.33993     4.47284
    -0.33493     4.55841
    -0.32993     4.64059
    -0.32493     4.71911
    -0.31993     4.79373
    -0.31493     4.86421
    -0.30993     4.93032
    -0.30493     4.99185
    -0.29993     5.04859
    -0.29493     5.10036
    -0.28993     5.14699
    -0.28493     5.18831
    -0.27993     5.22419
    -0.27493     5.25451
    -0.26993     5.27916
    -0.26493     5.29806
    -0.25993     5.31115
    -0.25493     5.31837
    -0.24993     5.31970
    -0.24493     5.31513
    -0.23993     5.30469
    -0.23493     5.28840
    -0.22993     5.26631
    -0.22493     5.23849
    -0.21993     5.20504
    -0.21493     5.16607
    -0.20993     5.12170
    -0.20493     5.07208
    -0.19993     5.01736
    -0.19493     4.95773
    -0.18993     4.89336
    -0.18493     4.82448
    -0.17993     4.75128
    -0.17493     4.67399
    -0.16993     4.59286
    -0.16493     4.50813
    -0.15993     4.42004
    -0.15493     4.32887
    -0.14993     4.23487
    -0.14493     4.13831
    -0.13993     4.03946
    -0.13493     3.93860
    -0.12993     3.83599
    -0.12493     3.73190
    -0.11993     3.62661
    -0.11493     3.52037
    -0.10993     3.41345
    -0.10493     3.30611
    -0.09993     3.19858
    -0.09493     3.09111
    -0.08993     2.98394
    -0.08493     2.87729
    -0.07993     2.77136
    -0.07493     2.66637
    -0.06993     2.56251
    -0.06493     2.45996
    -0.05993     2.35890
    -0.05493     2.25947
    -0.04993     2.16183
    -0.04493     2.06611
    -0.03993     1.97244
    -0.03493     1.88092
    -0.02993     1.79166
    -0.02493     1.70474
    -0.01993     1.62023
    -0.01493     1.53821
    -0.00993     1.45871
    -0.00493     1.38179
     0.00007     1.30747
     0.00507     1.23577
     0.01007     1.16671
     0.01507     1.10028
     0.02007     1.03649
     0.02507     0.97531
     0.03007     0.91672
     0.03507     0.86069
     0.04007     0.80719
     0.04507     0.75618
     0.05007     0.70760
     0.05507     0.66141
     0.06007     0.61755
     0.06507     0.57596
     0.07007     0.53657
     0.07507     0.49932
     0.08007     0.46414
     0.08507     0.43097
     0.09007     0.39972
     0.09507     0.37032
     0.10007     0.34271
     0.10507     0.31681
     0.11007     0.29254
     0.11507     0.26983
     0.12007     0.24862
     0.12507     0.22882
     0.13007     0.21036
     0.13507     0.19319
     0.14007     0.17722
     0.14507     0.16240
     0.15007     0.14867
     0.15507     0.13595
     0.16007     0.12419
     0.16507     0.11334
     0.17007     0.10333
     0.17507     0.09412
     0.18007     0.08565
     0.18507     0.07788
     0.19007     0.07076
     0.19507     0.06425
     0.20007     0.05830
     0.20507     0.05289
     0.21007     0.04796
     0.21507     0.04350
     0.22007     0.03946
     0.22507     0.03583
     0.23007     0.03256
     0.23507     0.02964
     0.24007     0.02705
     0.24507     0.02476
     0.25007     0.02275
     0.25507     0.02102
     0.26007     0.01954
     0.26507     0.01830
     0.27007     0.01730
     0.27507     0.01652
     0.28007     0.01595
     0.28507     0.01560
     0.29007     0.01546
     0.29507     0.01552
     0.30007     0.01579
     0.30507     0.01627
     0.31007     0.01697
     0.31507     0.01789
     0.32007     0.01904
     0.32507     0.02043
     0.33007     0.02207
     0.33507     0.02397
     0.34007     0.02615
     0.34507     0.02864
     0.35007     0.03144
     0.35507     0.03458
     0.36007     0.03808
     0.36507     0.04198
     0.37007     0.04629
     0.37507     0.05106
     0.38007     0.05631
     0.38507     0.06208
     0.39007     0.06841
     0.39507     0.07534
     0.40007     0.08291
     0.40507     0.09116
     0.41007     0.10016
     0.41507     0.10994
     0.42007     0.12056
     0.42507     0.13208
     0.43007     0.14456
     0.43507     0.15806
     0.44007     0.17263
     0.44507     0.18836
     0.45007     0.20529
     0.45507     0.22352
     0.46007     0.24311
     0.46507     0.26413
     0.47007     0.28666
     0.47507     0.31078
     0.48007     0.33657
     0.48507     0.36411
     0.49007     0.39349
     0.49507     0.42478
     0.50007     0.45807
     0.50507     0.49344
     0.51007     0.53097
     0.51507     0.57076
     0.52007     0.61288
     0.52507     0.65741
     0.53007     0.70443
     0.53507     0.75402
     0.54007     0.80625
     0.54507     0.86120
     0.55007     0.91894
     0.55507     0.97953
     0.56007     1.04303
     0.56507     1.10950
     0.57007     1.17899
     0.57507     1.25155
     0.58007     1.32723
     0.58507     1.40605
     0.59007     1.48805
     0.59507     1.57324
     0.60007     1.66165
     0.60507     1.75329
     0.61007     1.84815
     0.61507     1.94623
     0.62007     2.04751
     0.62507     2.15198
     0.63007     2.25960
     0.63507     2.37034
     0.64007     2.48415
     0.64507     2.60098
     0.65007     2.72077
     0.65507     2.84346
     0.66007     2.96896
     0.66507     3.09721
     0.67007     3.22811
     0.67507     3.36157
     0.68007     3.49750
     0.68507     3.63579
     0.69007     3.77633
     0.69507     3.91903
     0.70007     4.06376
     0.70507     4.21041
     0.71007     4.35887
     0.71507     4.50903
     0.72007     4.66076
     0.72507     4.81395
     0.73007     4.96849
     0.73507     5.12427
     0.74007     5.28118
     0.74507     5.43912
     0.75007     5.59799
     0.75507     5.75770
     0.76007     5.91815
     0.76507     6.07927
     0.77007     6.24098
     0.77507     6.40322
     0.78007     6.56592
     0.78507     6.72903
     0.79007     6.89250
     0.79507     7.05630
     0.80007     7.22040
     0.80507     7.38477
     0.81007     7.54941
     0.81507     7.71429
     0.82007     7.87943
     0.82507     8.04481
     0.83007     8.21047
     0.83507     8.37639
     0.84007     8.54261
     0.84507     8.70915
     0.85007     8.87602
     0.85507     9.04325
     0.86007     9.21085
     0.86507     9.37886
     0.87007     9.54728
     0.87507     9.71614
     0.88007     9.88543
     0.88507    10.05516
     0.89007    10.22533
     0.89507    10.39591
     0.90007    10.56688
     0.90507    10.73820
     0.91007    10.90983
     0.91507    11.08169
     0.92007    11.25372
     0.92507    11.42580
     0.93007    11.59785
     0.93507    11.76971
     0.94007    11.94126
     0.94507    12.11233
     0.95007    12.28273
     0.95507    12.45227
     0.96007    12.62072
     0.96507    12.78786
     0.97007    12.95343
     0.97507    13.11715
     0.98007    13.27874
     0.98507    13.43789
     0.99007    13.59428
     0.99507    13.74759
     1.00007    13.89746
     1.00507    14.04354
     1.01007    14.18545
     1.01507    14.32283
     1.02007    14.45529
     1.02507    14.58244
     1.03007    14.70390
     1.03507    14.81927
     1.04007    14.92816
     1.04507    15.03018
     1.05007    15.12496
     1.05507    15.21212
     1.06007    15.29129
     1.06507    15.36211
     1.07007    15.42426
     1.07507    15.47741
     1.08007    15.52124
     1.08507    15.55547
     1.09007    15.57983
     1.09507    15.59409
     1.10007    15.59801
     1.10507    15.59141
     1.11007    15.57413
     1.11507    15.54602
     1.12007    15.50698
     1.12507    15.45693
     1.13007    15.39583
     1.13507    15.32366
     1.14007    15.24044
     1.14507    15.14622
     1.15007    15.04109
     1.15507    14.92516
     1.16007    14.79858
     1.16507    14.66154
     1.17007    14.51424
     1.17507    14.35693
     1.18007    14.18987
     1.18507    14.01338
     1.19007    13.82778
     1.19507    13.63342
     1.20007    13.43068
     1.20507    13.21997
     1.21007    13.00171
     1.21507    12.77635
     1.22007    12.54435
     1.22507    12.30618
     1.23007    12.06235
     1.23507    11.81336
     1.24007    11.55972
     1.24507    11.30197
     1.25007    11.04063
     1.25507    10.77625
     1.26007    10.50936
     1.26507    10.24051
     1.27007     9.97023
     1.27507     9.69907
     1.28007     9.42756
     1.28507     9.15622
     1.29007     8.88559
     1.29507     8.61615
     1.30007     8.34843
     1.30507     8.08290
     1.31007     7.82005
     1.31507     7.56032
     1.32007     7.30417
     1.32507     7.05202
     1.33007     6.80429
     1.33507     6.56137
     1.34007     6.32362
     1.34507     6.09142
     1.35007     5.86508
     1.35507     5.64493
     1.36007     5.43126
     1.36507     5.22434
     1.37007     5.02443
     1.37507     4.83176
     1.38007     4.64653
     1.38507     4.46895
     1.39007     4.29917
     1.39507     4.13735
     1.40007     3.98361
     1.40507     3.83807
     1.41007     3.70082
     1.41507     3.57192
     1.42007     3.45143
     1.42507     3.33938
     1.43007     3.23578
     1.43507     3.14064
     1.44007     3.05393
     1.44507     2.97562
     1.45007     2.90565
     1.45507     2.84396
     1.46007     2.79047
     1.46507     2.74507
     1.47007     2.70765
     1.47507     2.67808
     1.48007     2.65623
     1.48507     2.64194
     1.49007     2.63503
     1.49507     2.63534
     1.50007     2.64267
     1.50507     2.65681
     1.51007     2.67756
     1.51507     2.70467
     1.52007     2.73792
     1.52507     2.77706
     1.53007     2.82184
     1.53507     2.87198
     1.54007     2.92721
     1.54507     2.98725
     1.55007     3.05182
     1.55507     3.12060
     1.56007     3.19330
     1.56507     3.26961
     1.57007     3.34922
     1.57507     3.43180
     1.58007     3.51704
     1.58507     3.60461
     1.59007     3.69419
     1.59507     3.78544
     1.60007     3.87804
     1.60507     3.97168
     1.61007     4.06601
     1.61507     4.16073
     1.62007     4.25553
     1.62507     4.35008
     1.63007     4.44409
     1.63507     4.53726
     1.64007     4.62931
     1.64507     4.71997
     1.65007     4.80896
     1.65507     4.89603
     1.66007     4.98095
     1.66507     5.06349
     1.67007     5.14344
     1.67507     5.22061
     1.68007     5.29481
     1.68507     5.36590
     1.69007     5.43373
     1.69507     5.49818
     1.70007     5.55915
     1.70507     5.61655
     1.71007     5.67032
     1.71507     5.72043
     1.72007     5.76684
     1.72507     5.80955
     1.73007     5.84859
     1.73507     5.88399
     1.74007     5.91581
     1.74507     5.94412
     1.75007     5.96901
     1.75507     5.99060
     1.76007     6.00901
     1.76507     6.02439
     1.77007     6.03687
     1.77507     6.04664
     1.78007     6.05388
     1.78507     6.05875
     1.79007     6.06148
     1.79507     6.06224
     1.80007     6.06127
     1.80507     6.05875
     1.81007     6.05491
     1.81507     6.04996
     1.82007     6.04411
     1.82507     6.03756
     1.83007     6.03052
     1.83507     6.02318
     1.84007     6.01573
     1.84507     6.00834
     1.85007     6.00119
     1.85507     5.99442
     1.86007     5.98817
     1.86507     5.98258
     1.87007     5.97774
     1.87507     5.97375
     1.88007     5.97068
     1.88507     5.96859
     1.89007     5.96752
     1.89507     5.96749
     1.90007     5.96849
     1.90507     5.97051
     1.91007     5.97351
     1.91507     5.97743
     1.92007     5.98219
     1.92507     5.98771
     1.93007     5.99388
     1.93507     6.00056
     1.94007     6.00762
     1.94507     6.01491
     1.95007     6.02225
     1.95507     6.02947
     1.96007     6.03638
     1.96507     6.04278
     1.97007     6.04847
     1.97507     6.05324
     1.98007     6.05687
     1.98507     6.05916
     1.99007     6.05987
     1.99507     6.05880
     2.00007     6.05574
     2.00507     6.05048
     2.01007     6.04281
     2.01507     6.03254
     2.02007     6.01949
     2.02507     6.00348
     2.03007     5.98435
     2.03507     5.96194
     2.04007     5.93612
     2.04507     5.90677
     2.05007     5.87377
     2.05507     5.83705
     2.06007     5.79652
     2.06507     5.75214
     2.07007     5.70386
     2.07507     5.65167
     2.08007     5.59556
     2.08507     5.53556
     2.09007     5.47169
     2.09507     5.40401
     2.10007     5.33260
     2.10507     5.25754
     2.11007     5.17893
     2.11507     5.09690
     2.12007     5.01158
     2.12507     4.92311
     2.13007     4.83167
     2.13507     4.73741
     2.14007     4.64054
     2.14507     4.54123
     2.15007     4.43970
     2.15507     4.33616
     2.16007     4.23081
     2.16507     4.12388
     2.17007     4.01559
     2.17507     3.90618
     2.18007     3.79587
     2.18507     3.68488
     2.19007     3.57344
     2.19507     3.46179
     2.20007     3.35013
     2.20507     3.23869
     2.21007     3.12768
     2.21507     3.01731
     2.22007     2.90777
     2.22507     2.79925
     2.23007     2.69195
     2.23507     2.58602
     2.24007     2.48165
     2.24507     2.37898
     2.25007     2.27816
     2.25507     2.17933
     2.26007     2.08261
     2.26507     1.98811
     2.27007     1.89594
     2.27507     1.80620
     2.28007     1.71896
     2.28507     1.63431
     2.29007     1.55229
     2.29507     1.47298
     2.30007     1.39640
     2.30507     1.32260
     2.31007     1.25160
     2.31507     1.18343
     2.32007     1.11809
     2.32507     1.05558
     2.33007     0.99592
     2.33507     0.93908
     2.34007     0.88506
     2.34507     0.83384
     2.35007     0.78541
     2.35507     0.73972
     2.36007     0.69677
     2.36507     0.65651
     2.37007     0.61893
     2.37507     0.58398
     2.38007     0.55165
     2.38507     0.52189
     2.39007     0.49468
     2.39507     0.46999
     2.40007     0.44779
     2.40507     0.42806
     2.41007     0.41078
     2.41507     0.39593
     2.42007     0.38349
     2.42507     0.37346
     2.43007     0.36584
     2.43507     0.36061
     2.44007     0.35778
     2.44507     0.35736
     2.45007     0.35937
     2.45507     0.36383
     2.46007     0.37075
     2.46507     0.38018
     2.47007     0.39213
     2.47507     0.40667
     2.48007     0.42383
     2.48507     0.44366
     2.49007     0.46623
     2.49507     0.49159
     2.50007     0.51982
     2.50507     0.55098
     2.51007     0.58515
     2.51507     0.62242
     2.52007     0.66286
     2.52507     0.70656
     2.53007     0.75362
     2.53507     0.80413
     2.54007     0.85818
     2.54507     0.91587
     2.55007     0.97729
     2.55507     1.04255
     2.56007     1.11174
     2.56507     1.18496
     2.57007     1.26230
     2.57507     1.34387
     2.58007     1.42974
     2.58507     1.52002
     2.59007     1.61478
     2.59507     1.71411
     2.60007     1.81808
     2.60507     1.92677
     2.61007     2.04023
     2.61507     2.15852
     2.62007     2.28170
     2.62507     2.40980
     2.63007     2.54287
     2.63507     2.68092
     2.64007     2.82397
     2.64507     2.97204
     2.65007     3.12510
     2.65507     3.28316
     2.66007     3.44618
     2.66507     3.61414
     2.67007     3.78698
     2.67507     3.96464
     2.68007     4.14705
     2.68507     4.33415
     2.69007     4.52582
     2.69507     4.72197
     2.70007     4.92249
     2.70507     5.12724
     2.71007     5.33610
     2.71507     5.54891
     2.72007     5.76551
     2.72507     5.98575
     2.73007     6.20944
     2.73507     6.43639
     2.74007     6.66642
     2.74507     6.89933
     2.75007     7.13490
     2.75507     7.37291
     2.76007     7.61315
     2.76507     7.85540
     2.77007     8.09941
     2.77507     8.34496
     2.78007     8.59180
     2.78507     8.83969
     2.79007     9.08840
     2.79507     9.33767
     2.80007     9.58726
     2.80507     9.83693
     2.81007    10.08642
     2.81507    10.33550
     2.82007    10.58392
     2.82507    10.83145
     2.83007    11.07784
     2.83507    11.32287
     2.84007    11.56629
     2.84507    11.80789
     2.85007    12.04743
     2.85507    12.28471
     2.86007    12.51950
     2.86507    12.75160
     2.87007    12.98080
     2.87507    13.20691
     2.88007    13.42972
     2.88507    13.64905
     2.89007    13.86471
     2.89507    14.07652
     2.90007    14.28430
     2.90507    14.48790
     2.91007    14.68713
     2.91507    14.88184
     2.92007    15.07187
     2.92507    15.25707
     2.93007    15.43728
     2.93507    15.61236
     2.94007    15.78218
     2.94507    15.94658
     2.95007    16.10543
     2.95507    16.25861
     2.96007    16.40598
     2.96507    16.54742
     2.97007    16.68279
     2.97507    16.81199
     2.98007    16.93489
     2.98507    17.05138
     2.99007    17.16133
     2.99507    17.26466
     3.00007    17.36124
     3.00507    17.45097
     3.01007    17.53376
     3.01507    17.60951
     3.02007    17.67812
     3.02507    17.73950
     3.03007    17.79358
     3.03507    17.84026
     3.04007    17.87948
     3.04507    17.91116
     3.05007    17.93524
     3.05507    17.95166
     3.06007    17.96037
     3.06507    17.96132
     3.07007    17.95447
     3.07507    17.93978
     3.08007    17.91724
     3.08507    17.88683
     3.09007    17.84854
     3.09507    17.80236
     3.10007    17.74830
     3.10507    17.68639
     3.11007    17.61665
     3.11507    17.53911
     3.12007    17.45382
     3.12507    17.36083
     3.13007    17.26022
     3.13507    17.15204
     3.14007    17.03640
     3.14507    16.91337
     3.15007    16.78307
     3.15507    16.64562
     3.16007    16.50113
     3.16507    16.34973
     3.17007    16.19159
     3.17507    16.02683
     3.18007    15.85564
     3.18507    15.67817
     3.19007    15.49461
     3.19507    15.30516
     3.20007    15.10999
     3.20507    14.90933
     3.21007    14.70339
     3.21507    14.49237
     3.22007    14.27652
     3.22507    14.05607
     3.23007    13.83125
     3.23507    13.60231
     3.24007    13.36950
     3.24507    13.13309
     3.25007    12.89332
     3.25507    12.65047
     3.26007    12.40480
     3.26507    12.15658
     3.27007    11.90610
     3.27507    11.65361
     3.28007    11.39941
     3.28507    11.14376
     3.29007    10.88696
     3.29507    10.62927
     3.30007    10.37098
     3.30507    10.11236
     3.31007     9.85369
     3.31507     9.59524
     3.32007     9.33728
     3.32507     9.08007
     3.33007     8.82389
     3.33507     8.56899
     3.34007     8.31562
     3.34507     8.06403
     3.35007     7.81446
     3.35507     7.56715
     3.36007     7.32233
     3.36507     7.08021
     3.37007     6.84100
     3.37507     6.60493
     3.38007     6.37217
     3.38507     6.14291
     3.39007     5.91733
     3.39507     5.69560
     3.40007     5.47788
     3.40507     5.26430
     3.41007     5.05501
     3.41507     4.85012
     3.42007     4.64976
     3.42507     4.45403
     3.43007     4.26301
     3.43507     4.07678
     3.44007     3.89542
     3.44507     3.71898
     3.45007     3.54751
     3.45507     3.38104
     3.46007     3.21959
     3.46507     3.06319
     3.47007     2.91183
     3.47507     2.76550
     3.48007     2.62420
     3.48507     2.48789
     3.49007     2.35654
     3.49507     2.23011
     3.50007     2.10853
     3.50507     1.99176
     3.51007     1.87972
     3.51507     1.77234
     3.52007     1.66954
     3.52507     1.57123
     3.53007     1.47732
     3.53507     1.38771
     3.54007     1.30229
     3.54507     1.22097
     3.55007     1.14362
     3.55507     1.07014
     3.56007     1.00042
     3.56507     0.93433
     3.57007     0.87175
     3.57507     0.81257
     3.58007     0.75666
     3.58507     0.70390
     3.59007     0.65417
     3.59507     0.60735
     3.60007     0.56332
     3.60507     0.52196
     3.61007     0.48315
     3.61507     0.44677
     3.62007     0.41272
     3.62507     0.38087
     3.63007     0.35112
     3.63507     0.32337
     3.64007     0.29751
     3.64507     0.27343
     3.65007     0.25105
     3.65507     0.23026
     3.66007     0.21097
     3.66507     0.19310
     3.67007     0.17656
     3.67507     0.16127
     3.68007     0.14715
     3.68507     0.13412
     3.69007     0.12212
     3.69507     0.11108
     3.70007     0.10093
     3.70507     0.09161
     3.71007     0.08306
     3.71507     0.07523
     3.72007     0.06807
     3.72507     0.06153
     3.73007     0.05555
     3.73507     0.05010
     3.74007     0.04514
     3.74507     0.04063
     3.75007     0.03652
     3.75507     0.03280
     3.76007     0.02943
     3.76507     0.02637
     3.77007     0.02361
     3.77507     0.02111
     3.78007     0.01886
     3.78507     0.01683
     3.79007     0.01500
     3.79507     0.01336
     3.80007     0.01188
     3.80507     0.01055
     3.81007     0.00937
     3.81507     0.00830
     3.82007     0.00735
     3.82507     0.00651
     3.83007     0.00575
     3.83507     0.00507
     3.84007     0.00447
     3.84507     0.00394
     3.85007     0.00347
     3.85507     0.00305
     3.86007     0.00268
     3.86507     0.00235
     3.87007     0.00206
     3.87507     0.00180
     3.88007     0.00157
     3.88507     0.00137
     3.89007     0.00120
     3.89507     0.00104
     3.90007     0.00091
     3.90507     0.00079
     3.91007     0.00069
     3.91507     0.00059
     3.92007     0.00052
     3.92507     0.00045
     3.93007     0.00039
     3.93507     0.00033
     3.94007     0.00029
     3.94507     0.00025
     3.95007     0.00021
     3.95507     0.00018
