    #Energy        TDOS
    #TDOS obtained from EIGENVAL file
    -5.82667     0.00026
    -5.82167     0.00031
    -5.81667     0.00035
    -5.81167     0.00041
    -5.80667     0.00047
    -5.80167     0.00055
    -5.79667     0.00063
    -5.79167     0.00073
    -5.78667     0.00084
    -5.78167     0.00097
    -5.77667     0.00111
    -5.77167     0.00128
    -5.76667     0.00147
    -5.76167     0.00168
    -5.75667     0.00192
    -5.75167     0.00220
    -5.74667     0.00251
    -5.74167     0.00286
    -5.73667     0.00326
    -5.73167     0.00372
    -5.72667     0.00422
    -5.72167     0.00480
    -5.71667     0.00545
    -5.71167     0.00617
    -5.70667     0.00699
    -5.70167     0.00790
    -5.69667     0.00893
    -5.69167     0.01008
    -5.68667     0.01136
    -5.68167     0.01280
    -5.67667     0.01440
    -5.67167     0.01618
    -5.66667     0.01817
    -5.66167     0.02038
    -5.65667     0.02283
    -5.65167     0.02555
    -5.64667     0.02856
    -5.64167     0.03190
    -5.63667     0.03559
    -5.63167     0.03966
    -5.62667     0.04415
    -5.62167     0.04910
    -5.61667     0.05455
    -5.61167     0.06054
    -5.60667     0.06711
    -5.60167     0.07433
    -5.59667     0.08223
    -5.59167     0.09088
    -5.58667     0.10033
    -5.58167     0.11066
    -5.57667     0.12192
    -5.57167     0.13419
    -5.56667     0.14755
    -5.56167     0.16206
    -5.55667     0.17783
    -5.55167     0.19493
    -5.54667     0.21345
    -5.54167     0.23350
    -5.53667     0.25518
    -5.53167     0.27858
    -5.52667     0.30383
    -5.52167     0.33103
    -5.51667     0.36031
    -5.51167     0.39178
    -5.50667     0.42558
    -5.50167     0.46183
    -5.49667     0.50067
    -5.49167     0.54225
    -5.48667     0.58670
    -5.48167     0.63417
    -5.47667     0.68481
    -5.47167     0.73878
    -5.46667     0.79622
    -5.46167     0.85729
    -5.45667     0.92215
    -5.45167     0.99097
    -5.44667     1.06390
    -5.44167     1.14111
    -5.43667     1.22275
    -5.43167     1.30899
    -5.42667     1.39999
    -5.42167     1.49590
    -5.41667     1.59689
    -5.41167     1.70309
    -5.40667     1.81467
    -5.40167     1.93176
    -5.39667     2.05451
    -5.39167     2.18305
    -5.38667     2.31751
    -5.38167     2.45802
    -5.37667     2.60467
    -5.37167     2.75758
    -5.36667     2.91685
    -5.36167     3.08256
    -5.35667     3.25478
    -5.35167     3.43359
    -5.34667     3.61903
    -5.34167     3.81114
    -5.33667     4.00996
    -5.33167     4.21549
    -5.32667     4.42775
    -5.32167     4.64670
    -5.31667     4.87233
    -5.31167     5.10460
    -5.30667     5.34344
    -5.30167     5.58878
    -5.29667     5.84053
    -5.29167     6.09858
    -5.28667     6.36282
    -5.28167     6.63310
    -5.27667     6.90928
    -5.27167     7.19117
    -5.26667     7.47861
    -5.26167     7.77139
    -5.25667     8.06929
    -5.25167     8.37209
    -5.24667     8.67954
    -5.24167     8.99139
    -5.23667     9.30737
    -5.23167     9.62721
    -5.22667     9.95060
    -5.22167    10.27725
    -5.21667    10.60685
    -5.21167    10.93908
    -5.20667    11.27362
    -5.20167    11.61012
    -5.19667    11.94826
    -5.19167    12.28770
    -5.18667    12.62808
    -5.18167    12.96906
    -5.17667    13.31030
    -5.17167    13.65145
    -5.16667    13.99217
    -5.16167    14.33211
    -5.15667    14.67094
    -5.15167    15.00834
    -5.14667    15.34397
    -5.14167    15.67752
    -5.13667    16.00869
    -5.13167    16.33717
    -5.12667    16.66270
    -5.12167    16.98499
    -5.11667    17.30378
    -5.11167    17.61883
    -5.10667    17.92992
    -5.10167    18.23682
    -5.09667    18.53935
    -5.09167    18.83732
    -5.08667    19.13056
    -5.08167    19.41894
    -5.07667    19.70233
    -5.07167    19.98061
    -5.06667    20.25371
    -5.06167    20.52154
    -5.05667    20.78406
    -5.05167    21.04123
    -5.04667    21.29303
    -5.04167    21.53947
    -5.03667    21.78057
    -5.03167    22.01635
    -5.02667    22.24688
    -5.02167    22.47220
    -5.01667    22.69242
    -5.01167    22.90762
    -5.00667    23.11790
    -5.00167    23.32339
    -4.99667    23.52421
    -4.99167    23.72050
    -4.98667    23.91241
    -4.98167    24.10010
    -4.97667    24.28372
    -4.97167    24.46343
    -4.96667    24.63942
    -4.96167    24.81184
    -4.95667    24.98088
    -4.95167    25.14670
    -4.94667    25.30948
    -4.94167    25.46939
    -4.93667    25.62660
    -4.93167    25.78128
    -4.92667    25.93358
    -4.92167    26.08366
    -4.91667    26.23168
    -4.91167    26.37777
    -4.90667    26.52207
    -4.90167    26.66471
    -4.89667    26.80581
    -4.89167    26.94549
    -4.88667    27.08384
    -4.88167    27.22097
    -4.87667    27.35696
    -4.87167    27.49189
    -4.86667    27.62583
    -4.86167    27.75885
    -4.85667    27.89100
    -4.85167    28.02232
    -4.84667    28.15287
    -4.84167    28.28267
    -4.83667    28.41176
    -4.83167    28.54016
    -4.82667    28.66790
    -4.82167    28.79498
    -4.81667    28.92143
    -4.81167    29.04726
    -4.80667    29.17247
    -4.80167    29.29709
    -4.79667    29.42112
    -4.79167    29.54458
    -4.78667    29.66749
    -4.78167    29.78985
    -4.77667    29.91170
    -4.77167    30.03306
    -4.76667    30.15396
    -4.76167    30.27444
    -4.75667    30.39454
    -4.75167    30.51431
    -4.74667    30.63380
    -4.74167    30.75308
    -4.73667    30.87222
    -4.73167    30.99129
    -4.72667    31.11037
    -4.72167    31.22956
    -4.71667    31.34896
    -4.71167    31.46866
    -4.70667    31.58878
    -4.70167    31.70944
    -4.69667    31.83074
    -4.69167    31.95283
    -4.68667    32.07583
    -4.68167    32.19986
    -4.67667    32.32507
    -4.67167    32.45159
    -4.66667    32.57955
    -4.66167    32.70908
    -4.65667    32.84032
    -4.65167    32.97338
    -4.64667    33.10840
    -4.64167    33.24549
    -4.63667    33.38475
    -4.63167    33.52628
    -4.62667    33.67016
    -4.62167    33.81648
    -4.61667    33.96530
    -4.61167    34.11665
    -4.60667    34.27058
    -4.60167    34.42709
    -4.59667    34.58619
    -4.59167    34.74784
    -4.58667    34.91201
    -4.58167    35.07863
    -4.57667    35.24761
    -4.57167    35.41885
    -4.56667    35.59220
    -4.56167    35.76753
    -4.55667    35.94464
    -4.55167    36.12334
    -4.54667    36.30339
    -4.54167    36.48456
    -4.53667    36.66656
    -4.53167    36.84910
    -4.52667    37.03188
    -4.52167    37.21455
    -4.51667    37.39675
    -4.51167    37.57813
    -4.50667    37.75829
    -4.50167    37.93683
    -4.49667    38.11333
    -4.49167    38.28737
    -4.48667    38.45853
    -4.48167    38.62635
    -4.47667    38.79040
    -4.47167    38.95024
    -4.46667    39.10542
    -4.46167    39.25551
    -4.45667    39.40008
    -4.45167    39.53869
    -4.44667    39.67096
    -4.44167    39.79647
    -4.43667    39.91485
    -4.43167    40.02575
    -4.42667    40.12882
    -4.42167    40.22376
    -4.41667    40.31028
    -4.41167    40.38812
    -4.40667    40.45706
    -4.40167    40.51691
    -4.39667    40.56750
    -4.39167    40.60870
    -4.38667    40.64044
    -4.38167    40.66266
    -4.37667    40.67534
    -4.37167    40.67850
    -4.36667    40.67221
    -4.36167    40.65656
    -4.35667    40.63170
    -4.35167    40.59778
    -4.34667    40.55503
    -4.34167    40.50367
    -4.33667    40.44399
    -4.33167    40.37630
    -4.32667    40.30092
    -4.32167    40.21822
    -4.31667    40.12859
    -4.31167    40.03244
    -4.30667    39.93021
    -4.30167    39.82233
    -4.29667    39.70928
    -4.29167    39.59153
    -4.28667    39.46958
    -4.28167    39.34390
    -4.27667    39.21500
    -4.27167    39.08337
    -4.26667    38.94951
    -4.26167    38.81391
    -4.25667    38.67705
    -4.25167    38.53940
    -4.24667    38.40142
    -4.24167    38.26357
    -4.23667    38.12625
    -4.23167    37.98990
    -4.22667    37.85489
    -4.22167    37.72159
    -4.21667    37.59034
    -4.21167    37.46147
    -4.20667    37.33525
    -4.20167    37.21197
    -4.19667    37.09185
    -4.19167    36.97512
    -4.18667    36.86194
    -4.18167    36.75249
    -4.17667    36.64689
    -4.17167    36.54524
    -4.16667    36.44763
    -4.16167    36.35410
    -4.15667    36.26468
    -4.15167    36.17939
    -4.14667    36.09821
    -4.14167    36.02111
    -4.13667    35.94804
    -4.13167    35.87893
    -4.12667    35.81370
    -4.12167    35.75226
    -4.11667    35.69450
    -4.11167    35.64030
    -4.10667    35.58956
    -4.10167    35.54214
    -4.09667    35.49792
    -4.09167    35.45676
    -4.08667    35.41854
    -4.08167    35.38312
    -4.07667    35.35038
    -4.07167    35.32020
    -4.06667    35.29247
    -4.06167    35.26708
    -4.05667    35.24392
    -4.05167    35.22292
    -4.04667    35.20398
    -4.04167    35.18705
    -4.03667    35.17206
    -4.03167    35.15897
    -4.02667    35.14774
    -4.02167    35.13835
    -4.01667    35.13080
    -4.01167    35.12507
    -4.00667    35.12120
    -4.00167    35.11920
    -3.99667    35.11910
    -3.99167    35.12096
    -3.98667    35.12482
    -3.98167    35.13074
    -3.97667    35.13880
    -3.97167    35.14908
    -3.96667    35.16164
    -3.96167    35.17658
    -3.95667    35.19399
    -3.95167    35.21395
    -3.94667    35.23656
    -3.94167    35.26190
    -3.93667    35.29007
    -3.93167    35.32115
    -3.92667    35.35522
    -3.92167    35.39236
    -3.91667    35.43265
    -3.91167    35.47614
    -3.90667    35.52291
    -3.90167    35.57299
    -3.89667    35.62643
    -3.89167    35.68327
    -3.88667    35.74352
    -3.88167    35.80720
    -3.87667    35.87431
    -3.87167    35.94485
    -3.86667    36.01880
    -3.86167    36.09613
    -3.85667    36.17680
    -3.85167    36.26077
    -3.84667    36.34797
    -3.84167    36.43835
    -3.83667    36.53182
    -3.83167    36.62830
    -3.82667    36.72772
    -3.82167    36.82996
    -3.81667    36.93493
    -3.81167    37.04252
    -3.80667    37.15262
    -3.80167    37.26512
    -3.79667    37.37991
    -3.79167    37.49686
    -3.78667    37.61586
    -3.78167    37.73679
    -3.77667    37.85955
    -3.77167    37.98401
    -3.76667    38.11007
    -3.76167    38.23762
    -3.75667    38.36657
    -3.75167    38.49681
    -3.74667    38.62827
    -3.74167    38.76085
    -3.73667    38.89449
    -3.73167    39.02911
    -3.72667    39.16465
    -3.72167    39.30107
    -3.71667    39.43833
    -3.71167    39.57638
    -3.70667    39.71520
    -3.70167    39.85477
    -3.69667    39.99509
    -3.69167    40.13616
    -3.68667    40.27798
    -3.68167    40.42057
    -3.67667    40.56396
    -3.67167    40.70819
    -3.66667    40.85328
    -3.66167    40.99929
    -3.65667    41.14628
    -3.65167    41.29429
    -3.64667    41.44341
    -3.64167    41.59371
    -3.63667    41.74526
    -3.63167    41.89814
    -3.62667    42.05244
    -3.62167    42.20826
    -3.61667    42.36570
    -3.61167    42.52484
    -3.60667    42.68580
    -3.60167    42.84868
    -3.59667    43.01359
    -3.59167    43.18064
    -3.58667    43.34994
    -3.58167    43.52162
    -3.57667    43.69579
    -3.57167    43.87256
    -3.56667    44.05207
    -3.56167    44.23443
    -3.55667    44.41977
    -3.55167    44.60821
    -3.54667    44.79989
    -3.54167    44.99493
    -3.53667    45.19346
    -3.53167    45.39561
    -3.52667    45.60151
    -3.52167    45.81130
    -3.51667    46.02510
    -3.51167    46.24305
    -3.50667    46.46528
    -3.50167    46.69191
    -3.49667    46.92309
    -3.49167    47.15893
    -3.48667    47.39956
    -3.48167    47.64511
    -3.47667    47.89570
    -3.47167    48.15143
    -3.46667    48.41244
    -3.46167    48.67881
    -3.45667    48.95065
    -3.45167    49.22806
    -3.44667    49.51112
    -3.44167    49.79990
    -3.43667    50.09448
    -3.43167    50.39490
    -3.42667    50.70121
    -3.42167    51.01343
    -3.41667    51.33160
    -3.41167    51.65569
    -3.40667    51.98570
    -3.40167    52.32159
    -3.39667    52.66330
    -3.39167    53.01076
    -3.38667    53.36389
    -3.38167    53.72255
    -3.37667    54.08661
    -3.37167    54.45590
    -3.36667    54.83025
    -3.36167    55.20943
    -3.35667    55.59321
    -3.35167    55.98133
    -3.34667    56.37349
    -3.34167    56.76939
    -3.33667    57.16867
    -3.33167    57.57098
    -3.32667    57.97591
    -3.32167    58.38307
    -3.31667    58.79199
    -3.31167    59.20223
    -3.30667    59.61330
    -3.30167    60.02468
    -3.29667    60.43586
    -3.29167    60.84629
    -3.28667    61.25541
    -3.28167    61.66266
    -3.27667    62.06744
    -3.27167    62.46916
    -3.26667    62.86723
    -3.26167    63.26103
    -3.25667    63.64996
    -3.25167    64.03341
    -3.24667    64.41078
    -3.24167    64.78146
    -3.23667    65.14486
    -3.23167    65.50041
    -3.22667    65.84755
    -3.22167    66.18571
    -3.21667    66.51438
    -3.21167    66.83304
    -3.20667    67.14121
    -3.20167    67.43845
    -3.19667    67.72431
    -3.19167    67.99841
    -3.18667    68.26038
    -3.18167    68.50991
    -3.17667    68.74669
    -3.17167    68.97047
    -3.16667    69.18105
    -3.16167    69.37825
    -3.15667    69.56193
    -3.15167    69.73202
    -3.14667    69.88845
    -3.14167    70.03122
    -3.13667    70.16037
    -3.13167    70.27596
    -3.12667    70.37811
    -3.12167    70.46697
    -3.11667    70.54272
    -3.11167    70.60560
    -3.10667    70.65585
    -3.10167    70.69377
    -3.09667    70.71967
    -3.09167    70.73391
    -3.08667    70.73684
    -3.08167    70.72886
    -3.07667    70.71039
    -3.07167    70.68185
    -3.06667    70.64369
    -3.06167    70.59635
    -3.05667    70.54030
    -3.05167    70.47600
    -3.04667    70.40392
    -3.04167    70.32452
    -3.03667    70.23827
    -3.03167    70.14561
    -3.02667    70.04700
    -3.02167    69.94287
    -3.01667    69.83363
    -3.01167    69.71969
    -3.00667    69.60142
    -3.00167    69.47919
    -2.99667    69.35334
    -2.99167    69.22417
    -2.98667    69.09198
    -2.98167    68.95703
    -2.97667    68.81954
    -2.97167    68.67973
    -2.96667    68.53776
    -2.96167    68.39378
    -2.95667    68.24791
    -2.95167    68.10022
    -2.94667    67.95077
    -2.94167    67.79959
    -2.93667    67.64668
    -2.93167    67.49199
    -2.92667    67.33549
    -2.92167    67.17707
    -2.91667    67.01665
    -2.91167    66.85407
    -2.90667    66.68920
    -2.90167    66.52186
    -2.89667    66.35186
    -2.89167    66.17898
    -2.88667    66.00302
    -2.88167    65.82373
    -2.87667    65.64087
    -2.87167    65.45418
    -2.86667    65.26340
    -2.86167    65.06825
    -2.85667    64.86847
    -2.85167    64.66378
    -2.84667    64.45390
    -2.84167    64.23855
    -2.83667    64.01747
    -2.83167    63.79038
    -2.82667    63.55703
    -2.82167    63.31715
    -2.81667    63.07050
    -2.81167    62.81683
    -2.80667    62.55592
    -2.80167    62.28755
    -2.79667    62.01151
    -2.79167    61.72762
    -2.78667    61.43568
    -2.78167    61.13554
    -2.77667    60.82703
    -2.77167    60.51003
    -2.76667    60.18441
    -2.76167    59.85005
    -2.75667    59.50687
    -2.75167    59.15479
    -2.74667    58.79374
    -2.74167    58.42367
    -2.73667    58.04455
    -2.73167    57.65635
    -2.72667    57.25906
    -2.72167    56.85270
    -2.71667    56.43727
    -2.71167    56.01282
    -2.70667    55.57937
    -2.70167    55.13699
    -2.69667    54.68575
    -2.69167    54.22571
    -2.68667    53.75696
    -2.68167    53.27960
    -2.67667    52.79373
    -2.67167    52.29948
    -2.66667    51.79695
    -2.66167    51.28630
    -2.65667    50.76765
    -2.65167    50.24115
    -2.64667    49.70697
    -2.64167    49.16526
    -2.63667    48.61621
    -2.63167    48.05999
    -2.62667    47.49679
    -2.62167    46.92681
    -2.61667    46.35026
    -2.61167    45.76734
    -2.60667    45.17830
    -2.60167    44.58335
    -2.59667    43.98275
    -2.59167    43.37673
    -2.58667    42.76558
    -2.58167    42.14956
    -2.57667    41.52895
    -2.57167    40.90404
    -2.56667    40.27516
    -2.56167    39.64261
    -2.55667    39.00673
    -2.55167    38.36785
    -2.54667    37.72634
    -2.54167    37.08256
    -2.53667    36.43688
    -2.53167    35.78971
    -2.52667    35.14144
    -2.52167    34.49249
    -2.51667    33.84329
    -2.51167    33.19427
    -2.50667    32.54588
    -2.50167    31.89858
    -2.49667    31.25282
    -2.49167    30.60910
    -2.48667    29.96787
    -2.48167    29.32964
    -2.47667    28.69488
    -2.47167    28.06410
    -2.46667    27.43777
    -2.46167    26.81640
    -2.45667    26.20047
    -2.45167    25.59047
    -2.44667    24.98688
    -2.44167    24.39018
    -2.43667    23.80082
    -2.43167    23.21927
    -2.42667    22.64596
    -2.42167    22.08132
    -2.41667    21.52576
    -2.41167    20.97966
    -2.40667    20.44340
    -2.40167    19.91733
    -2.39667    19.40176
    -2.39167    18.89700
    -2.38667    18.40331
    -2.38167    17.92095
    -2.37667    17.45013
    -2.37167    16.99102
    -2.36667    16.54380
    -2.36167    16.10856
    -2.35667    15.68541
    -2.35167    15.27440
    -2.34667    14.87556
    -2.34167    14.48886
    -2.33667    14.11428
    -2.33167    13.75174
    -2.32667    13.40112
    -2.32167    13.06229
    -2.31667    12.73508
    -2.31167    12.41929
    -2.30667    12.11470
    -2.30167    11.82105
    -2.29667    11.53807
    -2.29167    11.26546
    -2.28667    11.00289
    -2.28167    10.75002
    -2.27667    10.50649
    -2.27167    10.27193
    -2.26667    10.04595
    -2.26167     9.82815
    -2.25667     9.61812
    -2.25167     9.41546
    -2.24667     9.21973
    -2.24167     9.03053
    -2.23667     8.84743
    -2.23167     8.67002
    -2.22667     8.49788
    -2.22167     8.33062
    -2.21667     8.16783
    -2.21167     8.00913
    -2.20667     7.85414
    -2.20167     7.70252
    -2.19667     7.55391
    -2.19167     7.40800
    -2.18667     7.26448
    -2.18167     7.12306
    -2.17667     6.98347
    -2.17167     6.84548
    -2.16667     6.70886
    -2.16167     6.57341
    -2.15667     6.43895
    -2.15167     6.30534
    -2.14667     6.17243
    -2.14167     6.04014
    -2.13667     5.90837
    -2.13167     5.77706
    -2.12667     5.64617
    -2.12167     5.51569
    -2.11667     5.38562
    -2.11167     5.25597
    -2.10667     5.12681
    -2.10167     4.99818
    -2.09667     4.87016
    -2.09167     4.74285
    -2.08667     4.61634
    -2.08167     4.49078
    -2.07667     4.36628
    -2.07167     4.24299
    -2.06667     4.12106
    -2.06167     4.00066
    -2.05667     3.88196
    -2.05167     3.76513
    -2.04667     3.65035
    -2.04167     3.53781
    -2.03667     3.42768
    -2.03167     3.32017
    -2.02667     3.21544
    -2.02167     3.11369
    -2.01667     3.01511
    -2.01167     2.91986
    -2.00667     2.82813
    -2.00167     2.74010
    -1.99667     2.65592
    -1.99167     2.57575
    -1.98667     2.49976
    -1.98167     2.42808
    -1.97667     2.36086
    -1.97167     2.29821
    -1.96667     2.24027
    -1.96167     2.18714
    -1.95667     2.13893
    -1.95167     2.09571
    -1.94667     2.05758
    -1.94167     2.02460
    -1.93667     1.99682
    -1.93167     1.97430
    -1.92667     1.95707
    -1.92167     1.94514
    -1.91667     1.93853
    -1.91167     1.93724
    -1.90667     1.94126
    -1.90167     1.95054
    -1.89667     1.96507
    -1.89167     1.98478
    -1.88667     2.00960
    -1.88167     2.03947
    -1.87667     2.07429
    -1.87167     2.11395
    -1.86667     2.15835
    -1.86167     2.20734
    -1.85667     2.26080
    -1.85167     2.31856
    -1.84667     2.38047
    -1.84167     2.44633
    -1.83667     2.51596
    -1.83167     2.58915
    -1.82667     2.66570
    -1.82167     2.74537
    -1.81667     2.82793
    -1.81167     2.91314
    -1.80667     3.00072
    -1.80167     3.09043
    -1.79667     3.18198
    -1.79167     3.27510
    -1.78667     3.36948
    -1.78167     3.46484
    -1.77667     3.56087
    -1.77167     3.65726
    -1.76667     3.75371
    -1.76167     3.84990
    -1.75667     3.94551
    -1.75167     4.04023
    -1.74667     4.13374
    -1.74167     4.22573
    -1.73667     4.31587
    -1.73167     4.40388
    -1.72667     4.48943
    -1.72167     4.57224
    -1.71667     4.65202
    -1.71167     4.72847
    -1.70667     4.80134
    -1.70167     4.87036
    -1.69667     4.93528
    -1.69167     4.99587
    -1.68667     5.05190
    -1.68167     5.10318
    -1.67667     5.14950
    -1.67167     5.19070
    -1.66667     5.22662
    -1.66167     5.25713
    -1.65667     5.28210
    -1.65167     5.30143
    -1.64667     5.31505
    -1.64167     5.32291
    -1.63667     5.32495
    -1.63167     5.32116
    -1.62667     5.31155
    -1.62167     5.29614
    -1.61667     5.27496
    -1.61167     5.24809
    -1.60667     5.21560
    -1.60167     5.17760
    -1.59667     5.13420
    -1.59167     5.08555
    -1.58667     5.03179
    -1.58167     4.97309
    -1.57667     4.90964
    -1.57167     4.84163
    -1.56667     4.76928
    -1.56167     4.69281
    -1.55667     4.61244
    -1.55167     4.52843
    -1.54667     4.44103
    -1.54167     4.35048
    -1.53667     4.25705
    -1.53167     4.16100
    -1.52667     4.06261
    -1.52167     3.96215
    -1.51667     3.85989
    -1.51167     3.75609
    -1.50667     3.65102
    -1.50167     3.54496
    -1.49667     3.43816
    -1.49167     3.33087
    -1.48667     3.22335
    -1.48167     3.11584
    -1.47667     3.00857
    -1.47167     2.90177
    -1.46667     2.79566
    -1.46167     2.69043
    -1.45667     2.58629
    -1.45167     2.48342
    -1.44667     2.38200
    -1.44167     2.28218
    -1.43667     2.18412
    -1.43167     2.08795
    -1.42667     1.99380
    -1.42167     1.90178
    -1.41667     1.81199
    -1.41167     1.72453
    -1.40667     1.63947
    -1.40167     1.55688
    -1.39667     1.47681
    -1.39167     1.39930
    -1.38667     1.32440
    -1.38167     1.25211
    -1.37667     1.18246
    -1.37167     1.11545
    -1.36667     1.05108
    -1.36167     0.98932
    -1.35667     0.93017
    -1.35167     0.87360
    -1.34667     0.81956
    -1.34167     0.76803
    -1.33667     0.71896
    -1.33167     0.67229
    -1.32667     0.62797
    -1.32167     0.58594
    -1.31667     0.54615
    -1.31167     0.50853
    -1.30667     0.47301
    -1.30167     0.43952
    -1.29667     0.40799
    -1.29167     0.37836
    -1.28667     0.35055
    -1.28167     0.32450
    -1.27667     0.30013
    -1.27167     0.27737
    -1.26667     0.25616
    -1.26167     0.23642
    -1.25667     0.21810
    -1.25167     0.20112
    -1.24667     0.18543
    -1.24167     0.17096
    -1.23667     0.15766
    -1.23167     0.14548
    -1.22667     0.13436
    -1.22167     0.12426
    -1.21667     0.11513
    -1.21167     0.10693
    -1.20667     0.09961
    -1.20167     0.09315
    -1.19667     0.08751
    -1.19167     0.08267
    -1.18667     0.07859
    -1.18167     0.07526
    -1.17667     0.07266
    -1.17167     0.07078
    -1.16667     0.06960
    -1.16167     0.06912
    -1.15667     0.06934
    -1.15167     0.07026
    -1.14667     0.07188
    -1.14167     0.07422
    -1.13667     0.07728
    -1.13167     0.08108
    -1.12667     0.08564
    -1.12167     0.09099
    -1.11667     0.09715
    -1.11167     0.10415
    -1.10667     0.11203
    -1.10167     0.12082
    -1.09667     0.13057
    -1.09167     0.14132
    -1.08667     0.15312
    -1.08167     0.16602
    -1.07667     0.18008
    -1.07167     0.19534
    -1.06667     0.21187
    -1.06167     0.22974
    -1.05667     0.24900
    -1.05167     0.26972
    -1.04667     0.29197
    -1.04167     0.31581
    -1.03667     0.34133
    -1.03167     0.36859
    -1.02667     0.39766
    -1.02167     0.42863
    -1.01667     0.46155
    -1.01167     0.49650
    -1.00667     0.53356
    -1.00167     0.57279
    -0.99667     0.61426
    -0.99167     0.65805
    -0.98667     0.70420
    -0.98167     0.75280
    -0.97667     0.80388
    -0.97167     0.85752
    -0.96667     0.91375
    -0.96167     0.97261
    -0.95667     1.03416
    -0.95167     1.09841
    -0.94667     1.16540
    -0.94167     1.23514
    -0.93667     1.30765
    -0.93167     1.38292
    -0.92667     1.46096
    -0.92167     1.54175
    -0.91667     1.62526
    -0.91167     1.71147
    -0.90667     1.80032
    -0.90167     1.89178
    -0.89667     1.98578
    -0.89167     2.08224
    -0.88667     2.18109
    -0.88167     2.28222
    -0.87667     2.38555
    -0.87167     2.49096
    -0.86667     2.59831
    -0.86167     2.70750
    -0.85667     2.81836
    -0.85167     2.93076
    -0.84667     3.04453
    -0.84167     3.15951
    -0.83667     3.27554
    -0.83167     3.39242
    -0.82667     3.50998
    -0.82167     3.62803
    -0.81667     3.74637
    -0.81167     3.86482
    -0.80667     3.98317
    -0.80167     4.10123
    -0.79667     4.21881
    -0.79167     4.33570
    -0.78667     4.45171
    -0.78167     4.56666
    -0.77667     4.68036
    -0.77167     4.79264
    -0.76667     4.90332
    -0.76167     5.01224
    -0.75667     5.11924
    -0.75167     5.22419
    -0.74667     5.32695
    -0.74167     5.42740
    -0.73667     5.52544
    -0.73167     5.62097
    -0.72667     5.71391
    -0.72167     5.80420
    -0.71667     5.89180
    -0.71167     5.97667
    -0.70667     6.05879
    -0.70167     6.13816
    -0.69667     6.21481
    -0.69167     6.28875
    -0.68667     6.36005
    -0.68167     6.42877
    -0.67667     6.49498
    -0.67167     6.55878
    -0.66667     6.62027
    -0.66167     6.67959
    -0.65667     6.73685
    -0.65167     6.79221
    -0.64667     6.84582
    -0.64167     6.89785
    -0.63667     6.94845
    -0.63167     6.99783
    -0.62667     7.04614
    -0.62167     7.09359
    -0.61667     7.14035
    -0.61167     7.18662
    -0.60667     7.23259
    -0.60167     7.27843
    -0.59667     7.32433
    -0.59167     7.37046
    -0.58667     7.41700
    -0.58167     7.46409
    -0.57667     7.51189
    -0.57167     7.56055
    -0.56667     7.61017
    -0.56167     7.66088
    -0.55667     7.71277
    -0.55167     7.76593
    -0.54667     7.82041
    -0.54167     7.87627
    -0.53667     7.93354
    -0.53167     7.99223
    -0.52667     8.05233
    -0.52167     8.11382
    -0.51667     8.17665
    -0.51167     8.24075
    -0.50667     8.30605
    -0.50167     8.37245
    -0.49667     8.43982
    -0.49167     8.50802
    -0.48667     8.57691
    -0.48167     8.64631
    -0.47667     8.71603
    -0.47167     8.78587
    -0.46667     8.85562
    -0.46167     8.92505
    -0.45667     8.99393
    -0.45167     9.06200
    -0.44667     9.12900
    -0.44167     9.19468
    -0.43667     9.25876
    -0.43167     9.32097
    -0.42667     9.38102
    -0.42167     9.43865
    -0.41667     9.49356
    -0.41167     9.54549
    -0.40667     9.59415
    -0.40167     9.63927
    -0.39667     9.68059
    -0.39167     9.71785
    -0.38667     9.75080
    -0.38167     9.77919
    -0.37667     9.80281
    -0.37167     9.82142
    -0.36667     9.83482
    -0.36167     9.84282
    -0.35667     9.84525
    -0.35167     9.84194
    -0.34667     9.83274
    -0.34167     9.81754
    -0.33667     9.79622
    -0.33167     9.76869
    -0.32667     9.73488
    -0.32167     9.69473
    -0.31667     9.64821
    -0.31167     9.59530
    -0.30667     9.53602
    -0.30167     9.47037
    -0.29667     9.39841
    -0.29167     9.32020
    -0.28667     9.23582
    -0.28167     9.14537
    -0.27667     9.04896
    -0.27167     8.94673
    -0.26667     8.83883
    -0.26167     8.72543
    -0.25667     8.60671
    -0.25167     8.48287
    -0.24667     8.35413
    -0.24167     8.22069
    -0.23667     8.08281
    -0.23167     7.94073
    -0.22667     7.79470
    -0.22167     7.64500
    -0.21667     7.49189
    -0.21167     7.33566
    -0.20667     7.17658
    -0.20167     7.01497
    -0.19667     6.85109
    -0.19167     6.68526
    -0.18667     6.51778
    -0.18167     6.34893
    -0.17667     6.17901
    -0.17167     6.00833
    -0.16667     5.83716
    -0.16167     5.66580
    -0.15667     5.49454
    -0.15167     5.32363
    -0.14667     5.15337
    -0.14167     4.98400
    -0.13667     4.81579
    -0.13167     4.64897
    -0.12667     4.48378
    -0.12167     4.32045
    -0.11667     4.15918
    -0.11167     4.00019
    -0.10667     3.84366
    -0.10167     3.68976
    -0.09667     3.53867
    -0.09167     3.39053
    -0.08667     3.24550
    -0.08167     3.10369
    -0.07667     2.96521
    -0.07167     2.83018
    -0.06667     2.69868
    -0.06167     2.57079
    -0.05667     2.44656
    -0.05167     2.32606
    -0.04667     2.20932
    -0.04167     2.09637
    -0.03667     1.98723
    -0.03167     1.88190
    -0.02667     1.78038
    -0.02167     1.68266
    -0.01667     1.58871
    -0.01167     1.49849
    -0.00667     1.41198
    -0.00167     1.32912
     0.00333     1.24986
     0.00833     1.17413
     0.01333     1.10187
     0.01833     1.03300
     0.02333     0.96745
     0.02833     0.90513
     0.03333     0.84595
     0.03833     0.78983
     0.04333     0.73667
     0.04833     0.68638
     0.05333     0.63887
     0.05833     0.59402
     0.06333     0.55175
     0.06833     0.51195
     0.07333     0.47453
     0.07833     0.43938
     0.08333     0.40641
     0.08833     0.37552
     0.09333     0.34662
     0.09833     0.31960
     0.10333     0.29438
     0.10833     0.27086
     0.11333     0.24896
     0.11833     0.22859
     0.12333     0.20966
     0.12833     0.19210
     0.13333     0.17582
     0.13833     0.16076
     0.14333     0.14683
     0.14833     0.13396
     0.15333     0.12210
     0.15833     0.11117
     0.16333     0.10111
     0.16833     0.09187
     0.17333     0.08339
     0.17833     0.07561
     0.18333     0.06850
     0.18833     0.06199
     0.19333     0.05605
     0.19833     0.05064
     0.20333     0.04571
     0.20833     0.04123
     0.21333     0.03717
     0.21833     0.03349
     0.22333     0.03016
     0.22833     0.02716
     0.23333     0.02446
     0.23833     0.02204
     0.24333     0.01988
     0.24833     0.01795
     0.25333     0.01624
     0.25833     0.01473
     0.26333     0.01341
     0.26833     0.01227
     0.27333     0.01130
     0.27833     0.01048
     0.28333     0.00980
     0.28833     0.00927
     0.29333     0.00887
     0.29833     0.00860
     0.30333     0.00845
     0.30833     0.00844
     0.31333     0.00855
     0.31833     0.00878
     0.32333     0.00915
     0.32833     0.00964
     0.33333     0.01028
     0.33833     0.01106
     0.34333     0.01199
     0.34833     0.01308
     0.35333     0.01434
     0.35833     0.01578
     0.36333     0.01742
     0.36833     0.01928
     0.37333     0.02136
     0.37833     0.02369
     0.38333     0.02629
     0.38833     0.02917
     0.39333     0.03237
     0.39833     0.03591
     0.40333     0.03982
     0.40833     0.04412
     0.41333     0.04886
     0.41833     0.05406
     0.42333     0.05976
     0.42833     0.06600
     0.43333     0.07282
     0.43833     0.08027
     0.44333     0.08839
     0.44833     0.09723
     0.45333     0.10685
     0.45833     0.11729
     0.46333     0.12862
     0.46833     0.14089
     0.47333     0.15417
     0.47833     0.16852
     0.48333     0.18401
     0.48833     0.20071
     0.49333     0.21869
     0.49833     0.23802
     0.50333     0.25879
     0.50833     0.28106
     0.51333     0.30492
     0.51833     0.33046
     0.52333     0.35775
     0.52833     0.38688
     0.53333     0.41794
     0.53833     0.45101
     0.54333     0.48618
     0.54833     0.52353
     0.55333     0.56316
     0.55833     0.60514
     0.56333     0.64957
     0.56833     0.69653
     0.57333     0.74609
     0.57833     0.79834
     0.58333     0.85336
     0.58833     0.91122
     0.59333     0.97198
     0.59833     1.03572
     0.60333     1.10249
     0.60833     1.17236
     0.61333     1.24537
     0.61833     1.32157
     0.62333     1.40099
     0.62833     1.48366
     0.63333     1.56962
     0.63833     1.65887
     0.64333     1.75142
     0.64833     1.84728
     0.65333     1.94642
     0.65833     2.04884
     0.66333     2.15450
     0.66833     2.26336
     0.67333     2.37538
     0.67833     2.49049
     0.68333     2.60863
     0.68833     2.72971
     0.69333     2.85364
     0.69833     2.98033
     0.70333     3.10966
     0.70833     3.24151
     0.71333     3.37575
     0.71833     3.51223
     0.72333     3.65082
     0.72833     3.79133
     0.73333     3.93362
     0.73833     4.07750
     0.74333     4.22278
     0.74833     4.36928
     0.75333     4.51679
     0.75833     4.66511
     0.76333     4.81404
     0.76833     4.96335
     0.77333     5.11282
     0.77833     5.26224
     0.78333     5.41138
     0.78833     5.56001
     0.79333     5.70790
     0.79833     5.85483
     0.80333     6.00057
     0.80833     6.14489
     0.81333     6.28757
     0.81833     6.42839
     0.82333     6.56712
     0.82833     6.70355
     0.83333     6.83747
     0.83833     6.96869
     0.84333     7.09699
     0.84833     7.22219
     0.85333     7.34411
     0.85833     7.46256
     0.86333     7.57739
     0.86833     7.68842
     0.87333     7.79551
     0.87833     7.89851
     0.88333     7.99730
     0.88833     8.09175
     0.89333     8.18175
     0.89833     8.26720
     0.90333     8.34801
     0.90833     8.42410
     0.91333     8.49539
     0.91833     8.56184
     0.92333     8.62340
     0.92833     8.68002
     0.93333     8.73169
     0.93833     8.77839
     0.94333     8.82013
     0.94833     8.85690
     0.95333     8.88874
     0.95833     8.91567
     0.96333     8.93773
     0.96833     8.95498
     0.97333     8.96748
     0.97833     8.97532
     0.98333     8.97856
     0.98833     8.97731
     0.99333     8.97168
     0.99833     8.96178
     1.00333     8.94773
     1.00833     8.92967
     1.01333     8.90775
     1.01833     8.88211
     1.02333     8.85291
     1.02833     8.82033
     1.03333     8.78454
     1.03833     8.74573
     1.04333     8.70408
     1.04833     8.65978
     1.05333     8.61305
     1.05833     8.56408
     1.06333     8.51309
     1.06833     8.46029
     1.07333     8.40589
     1.07833     8.35011
     1.08333     8.29317
     1.08833     8.23528
     1.09333     8.17667
     1.09833     8.11755
     1.10333     8.05814
     1.10833     7.99863
     1.11333     7.93924
     1.11833     7.88017
     1.12333     7.82160
     1.12833     7.76371
     1.13333     7.70670
     1.13833     7.65072
     1.14333     7.59592
     1.14833     7.54246
     1.15333     7.49046
     1.15833     7.44004
     1.16333     7.39132
     1.16833     7.34437
     1.17333     7.29929
     1.17833     7.25614
     1.18333     7.21495
     1.18833     7.17578
     1.19333     7.13862
     1.19833     7.10349
     1.20333     7.07037
     1.20833     7.03923
     1.21333     7.01003
     1.21833     6.98271
     1.22333     6.95720
     1.22833     6.93342
     1.23333     6.91126
     1.23833     6.89063
     1.24333     6.87140
     1.24833     6.85344
     1.25333     6.83663
     1.25833     6.82081
     1.26333     6.80585
     1.26833     6.79158
     1.27333     6.77786
     1.27833     6.76453
     1.28333     6.75144
     1.28833     6.73844
     1.29333     6.72537
     1.29833     6.71209
     1.30333     6.69847
     1.30833     6.68438
     1.31333     6.66970
     1.31833     6.65431
     1.32333     6.63813
     1.32833     6.62106
     1.33333     6.60305
     1.33833     6.58403
     1.34333     6.56397
     1.34833     6.54284
     1.35333     6.52065
     1.35833     6.49740
     1.36333     6.47313
     1.36833     6.44789
     1.37333     6.42176
     1.37833     6.39481
     1.38333     6.36715
     1.38833     6.33891
     1.39333     6.31023
     1.39833     6.28126
     1.40333     6.25219
     1.40833     6.22319
     1.41333     6.19446
     1.41833     6.16623
     1.42333     6.13871
     1.42833     6.11214
     1.43333     6.08677
     1.43833     6.06284
     1.44333     6.04060
     1.44833     6.02031
     1.45333     6.00224
     1.45833     5.98664
     1.46333     5.97377
     1.46833     5.96388
     1.47333     5.95723
     1.47833     5.95404
     1.48333     5.95455
     1.48833     5.95899
     1.49333     5.96756
     1.49833     5.98047
     1.50333     5.99788
     1.50833     6.01997
     1.51333     6.04688
     1.51833     6.07874
     1.52333     6.11565
     1.52833     6.15772
     1.53333     6.20500
     1.53833     6.25754
     1.54333     6.31537
     1.54833     6.37847
     1.55333     6.44683
     1.55833     6.52041
     1.56333     6.59914
     1.56833     6.68291
     1.57333     6.77163
     1.57833     6.86515
     1.58333     6.96332
     1.58833     7.06596
     1.59333     7.17288
     1.59833     7.28385
     1.60333     7.39866
     1.60833     7.51704
     1.61333     7.63873
     1.61833     7.76346
     1.62333     7.89093
     1.62833     8.02085
     1.63333     8.15289
     1.63833     8.28675
     1.64333     8.42210
     1.64833     8.55861
     1.65333     8.69594
     1.65833     8.83377
     1.66333     8.97174
     1.66833     9.10954
     1.67333     9.24683
     1.67833     9.38328
     1.68333     9.51857
     1.68833     9.65240
     1.69333     9.78445
     1.69833     9.91443
     1.70333    10.04206
     1.70833    10.16706
     1.71333    10.28918
     1.71833    10.40817
     1.72333    10.52380
     1.72833    10.63586
     1.73333    10.74414
     1.73833    10.84846
     1.74333    10.94865
     1.74833    11.04457
     1.75333    11.13608
     1.75833    11.22308
     1.76333    11.30545
     1.76833    11.38313
     1.77333    11.45604
     1.77833    11.52415
     1.78333    11.58742
     1.78833    11.64583
     1.79333    11.69940
     1.79833    11.74813
     1.80333    11.79206
     1.80833    11.83123
     1.81333    11.86570
     1.81833    11.89554
     1.82333    11.92083
     1.82833    11.94166
     1.83333    11.95813
     1.83833    11.97035
     1.84333    11.97844
     1.84833    11.98252
     1.85333    11.98273
     1.85833    11.97920
     1.86333    11.97207
     1.86833    11.96149
     1.87333    11.94759
     1.87833    11.93054
     1.88333    11.91047
     1.88833    11.88754
     1.89333    11.86190
     1.89833    11.83370
     1.90333    11.80307
     1.90833    11.77018
     1.91333    11.73515
     1.91833    11.69813
     1.92333    11.65924
     1.92833    11.61863
     1.93333    11.57641
     1.93833    11.53270
     1.94333    11.48761
     1.94833    11.44126
     1.95333    11.39374
     1.95833    11.34516
     1.96333    11.29558
     1.96833    11.24511
     1.97333    11.19381
     1.97833    11.14175
     1.98333    11.08899
     1.98833    11.03558
     1.99333    10.98156
     1.99833    10.92698
     2.00333    10.87186
     2.00833    10.81623
     2.01333    10.76009
     2.01833    10.70346
     2.02333    10.64635
     2.02833    10.58873
     2.03333    10.53060
     2.03833    10.47193
     2.04333    10.41271
     2.04833    10.35289
     2.05333    10.29243
     2.05833    10.23129
     2.06333    10.16942
     2.06833    10.10676
     2.07333    10.04325
     2.07833     9.97881
     2.08333     9.91339
     2.08833     9.84691
     2.09333     9.77929
     2.09833     9.71044
     2.10333     9.64029
     2.10833     9.56875
     2.11333     9.49575
     2.11833     9.42118
     2.12333     9.34497
     2.12833     9.26704
     2.13333     9.18729
     2.13833     9.10565
     2.14333     9.02205
     2.14833     8.93641
     2.15333     8.84865
     2.15833     8.75872
     2.16333     8.66654
     2.16833     8.57208
     2.17333     8.47529
     2.17833     8.37611
     2.18333     8.27453
     2.18833     8.17052
     2.19333     8.06406
     2.19833     7.95515
     2.20333     7.84380
     2.20833     7.73001
     2.21333     7.61381
     2.21833     7.49524
     2.22333     7.37435
     2.22833     7.25118
     2.23333     7.12581
     2.23833     6.99831
     2.24333     6.86876
     2.24833     6.73728
     2.25333     6.60395
     2.25833     6.46891
     2.26333     6.33228
     2.26833     6.19418
     2.27333     6.05477
     2.27833     5.91419
     2.28333     5.77261
     2.28833     5.63018
     2.29333     5.48708
     2.29833     5.34348
     2.30333     5.19956
     2.30833     5.05550
     2.31333     4.91149
     2.31833     4.76772
     2.32333     4.62436
     2.32833     4.48163
     2.33333     4.33969
     2.33833     4.19874
     2.34333     4.05897
     2.34833     3.92055
     2.35333     3.78367
     2.35833     3.64851
     2.36333     3.51523
     2.36833     3.38401
     2.37333     3.25500
     2.37833     3.12836
     2.38333     3.00424
     2.38833     2.88279
     2.39333     2.76414
     2.39833     2.64842
     2.40333     2.53576
     2.40833     2.42627
     2.41333     2.32006
     2.41833     2.21723
     2.42333     2.11788
     2.42833     2.02209
     2.43333     1.92996
     2.43833     1.84155
     2.44333     1.75693
     2.44833     1.67617
     2.45333     1.59933
     2.45833     1.52646
     2.46333     1.45761
     2.46833     1.39283
     2.47333     1.33216
     2.47833     1.27565
     2.48333     1.22332
     2.48833     1.17522
     2.49333     1.13138
     2.49833     1.09183
     2.50333     1.05660
     2.50833     1.02573
     2.51333     0.99926
     2.51833     0.97721
     2.52333     0.95962
     2.52833     0.94654
     2.53333     0.93798
     2.53833     0.93401
     2.54333     0.93466
     2.54833     0.93998
     2.55333     0.95002
     2.55833     0.96482
     2.56333     0.98445
     2.56833     1.00895
     2.57333     1.03839
     2.57833     1.07282
     2.58333     1.11232
     2.58833     1.15694
     2.59333     1.20675
     2.59833     1.26182
     2.60333     1.32222
     2.60833     1.38802
     2.61333     1.45927
     2.61833     1.53606
     2.62333     1.61844
     2.62833     1.70647
     2.63333     1.80023
     2.63833     1.89975
     2.64333     2.00509
     2.64833     2.11631
     2.65333     2.23343
     2.65833     2.35648
     2.66333     2.48551
     2.66833     2.62051
     2.67333     2.76150
     2.67833     2.90847
     2.68333     3.06140
     2.68833     3.22027
     2.69333     3.38505
     2.69833     3.55566
     2.70333     3.73206
     2.70833     3.91415
     2.71333     4.10184
     2.71833     4.29501
     2.72333     4.49354
     2.72833     4.69728
     2.73333     4.90606
     2.73833     5.11971
     2.74333     5.33802
     2.74833     5.56079
     2.75333     5.78776
     2.75833     6.01871
     2.76333     6.25335
     2.76833     6.49140
     2.77333     6.73256
     2.77833     6.97650
     2.78333     7.22290
     2.78833     7.47140
     2.79333     7.72164
     2.79833     7.97324
     2.80333     8.22580
     2.80833     8.47893
     2.81333     8.73221
     2.81833     8.98521
     2.82333     9.23750
     2.82833     9.48864
     2.83333     9.73819
     2.83833     9.98569
     2.84333    10.23068
     2.84833    10.47273
     2.85333    10.71136
     2.85833    10.94612
     2.86333    11.17657
     2.86833    11.40226
     2.87333    11.62274
     2.87833    11.83759
     2.88333    12.04638
     2.88833    12.24871
     2.89333    12.44417
     2.89833    12.63238
     2.90333    12.81298
     2.90833    12.98561
     2.91333    13.14996
     2.91833    13.30570
     2.92333    13.45255
     2.92833    13.59024
     2.93333    13.71855
     2.93833    13.83725
     2.94333    13.94615
     2.94833    14.04510
     2.95333    14.13396
     2.95833    14.21264
     2.96333    14.28106
     2.96833    14.33917
     2.97333    14.38698
     2.97833    14.42449
     2.98333    14.45176
     2.98833    14.46886
     2.99333    14.47592
     2.99833    14.47307
     3.00333    14.46049
     3.00833    14.43838
     3.01333    14.40697
     3.01833    14.36653
     3.02333    14.31733
     3.02833    14.25969
     3.03333    14.19395
     3.03833    14.12047
     3.04333    14.03963
     3.04833    13.95185
     3.05333    13.85753
     3.05833    13.75714
     3.06333    13.65111
     3.06833    13.53992
     3.07333    13.42405
     3.07833    13.30400
     3.08333    13.18026
     3.08833    13.05334
     3.09333    12.92375
     3.09833    12.79199
     3.10333    12.65859
     3.10833    12.52404
     3.11333    12.38885
     3.11833    12.25351
     3.12333    12.11852
     3.12833    11.98434
     3.13333    11.85143
     3.13833    11.72026
     3.14333    11.59124
     3.14833    11.46480
     3.15333    11.34132
     3.15833    11.22119
     3.16333    11.10475
     3.16833    10.99233
     3.17333    10.88423
     3.17833    10.78075
     3.18333    10.68211
     3.18833    10.58856
     3.19333    10.50030
     3.19833    10.41748
     3.20333    10.34025
     3.20833    10.26874
     3.21333    10.20302
     3.21833    10.14317
     3.22333    10.08920
     3.22833    10.04113
     3.23333     9.99894
     3.23833     9.96259
     3.24333     9.93200
     3.24833     9.90709
     3.25333     9.88774
     3.25833     9.87383
     3.26333     9.86519
     3.26833     9.86165
     3.27333     9.86304
     3.27833     9.86914
     3.28333     9.87974
     3.28833     9.89462
     3.29333     9.91353
     3.29833     9.93622
     3.30333     9.96245
     3.30833     9.99195
     3.31333    10.02447
     3.31833    10.05973
     3.32333    10.09746
     3.32833    10.13741
     3.33333    10.17931
     3.33833    10.22290
     3.34333    10.26792
     3.34833    10.31413
     3.35333    10.36127
     3.35833    10.40913
     3.36333    10.45747
     3.36833    10.50608
     3.37333    10.55476
     3.37833    10.60330
     3.38333    10.65155
     3.38833    10.69931
     3.39333    10.74645
     3.39833    10.79282
     3.40333    10.83829
     3.40833    10.88274
     3.41333    10.92609
     3.41833    10.96823
     3.42333    11.00910
     3.42833    11.04863
     3.43333    11.08678
     3.43833    11.12351
     3.44333    11.15879
     3.44833    11.19261
     3.45333    11.22497
     3.45833    11.25587
     3.46333    11.28534
     3.46833    11.31338
     3.47333    11.34003
     3.47833    11.36534
     3.48333    11.38934
     3.48833    11.41207
     3.49333    11.43360
     3.49833    11.45398
     3.50333    11.47325
     3.50833    11.49148
     3.51333    11.50873
     3.51833    11.52504
     3.52333    11.54048
     3.52833    11.55510
     3.53333    11.56893
     3.53833    11.58203
     3.54333    11.59444
     3.54833    11.60618
     3.55333    11.61729
     3.55833    11.62778
     3.56333    11.63766
     3.56833    11.64694
     3.57333    11.65561
     3.57833    11.66366
     3.58333    11.67106
     3.58833    11.67779
     3.59333    11.68380
     3.59833    11.68904
     3.60333    11.69345
     3.60833    11.69695
     3.61333    11.69948
     3.61833    11.70094
     3.62333    11.70124
     3.62833    11.70026
     3.63333    11.69790
     3.63833    11.69403
     3.64333    11.68852
     3.64833    11.68125
     3.65333    11.67208
     3.65833    11.66084
     3.66333    11.64741
     3.66833    11.63162
     3.67333    11.61333
     3.67833    11.59237
     3.68333    11.56858
     3.68833    11.54182
     3.69333    11.51192
     3.69833    11.47874
     3.70333    11.44212
     3.70833    11.40191
     3.71333    11.35797
     3.71833    11.31018
     3.72333    11.25839
     3.72833    11.20249
     3.73333    11.14237
     3.73833    11.07792
     3.74333    11.00905
     3.74833    10.93568
     3.75333    10.85774
     3.75833    10.77517
     3.76333    10.68792
     3.76833    10.59596
     3.77333    10.49928
     3.77833    10.39787
     3.78333    10.29174
     3.78833    10.18091
     3.79333    10.06542
     3.79833     9.94533
     3.80333     9.82071
     3.80833     9.69164
     3.81333     9.55822
     3.81833     9.42056
     3.82333     9.27878
     3.82833     9.13303
     3.83333     8.98347
     3.83833     8.83025
     3.84333     8.67355
     3.84833     8.51357
     3.85333     8.35050
     3.85833     8.18456
     3.86333     8.01595
     3.86833     7.84492
     3.87333     7.67169
     3.87833     7.49651
     3.88333     7.31961
     3.88833     7.14126
     3.89333     6.96171
     3.89833     6.78120
     3.90333     6.60001
     3.90833     6.41839
     3.91333     6.23660
     3.91833     6.05489
     3.92333     5.87352
     3.92833     5.69274
     3.93333     5.51280
     3.93833     5.33393
     3.94333     5.15638
     3.94833     4.98036
     3.95333     4.80611
     3.95833     4.63383
     3.96333     4.46373
     3.96833     4.29601
     3.97333     4.13084
     3.97833     3.96839
     3.98333     3.80884
     3.98833     3.65234
     3.99333     3.49902
     3.99833     3.34900
     4.00333     3.20242
     4.00833     3.05937
     4.01333     2.91994
     4.01833     2.78422
     4.02333     2.65227
     4.02833     2.52415
     4.03333     2.39991
     4.03833     2.27957
     4.04333     2.16317
     4.04833     2.05070
     4.05333     1.94218
     4.05833     1.83760
     4.06333     1.73693
     4.06833     1.64015
     4.07333     1.54723
     4.07833     1.45812
     4.08333     1.37276
     4.08833     1.29111
     4.09333     1.21309
     4.09833     1.13864
     4.10333     1.06768
     4.10833     1.00012
     4.11333     0.93589
     4.11833     0.87489
     4.12333     0.81702
     4.12833     0.76221
     4.13333     0.71034
     4.13833     0.66132
     4.14333     0.61504
     4.14833     0.57142
     4.15333     0.53034
     4.15833     0.49170
     4.16333     0.45540
     4.16833     0.42134
